0.0588235
0.0666667
0.0714286
0.0769231
0.0833333
0.0909091
0.1
0.111111
0.125
0.142857
0.166667
0.167832
0.177778
0.181818
0.18254
0.191667
0.2
0.20202
0.211111
0.21978
0.225
0.233333
0.236111
0.242857
0.245671
0.25
0.253968
0.267857
0.271429
0.277778
0.285714
0.291667
0.3
0.309524
0.311111
0.316667
0.325
0.333333
0.336111
0.342857
0.344444
0.354701
0.366667
0.375
0.376623
0.392857
0.4
0.404433
0.416667
0.420635
0.428571
0.434524
0.436111
0.440115
0.45
0.452381
0.458333
0.475
0.47619
0.485714
0.5
0.509524
0.513889
0.515909
0.517857
0.527778
0.529433
0.533333
0.535714
0.541667
0.559524
0.566667
0.569444
0.57619
0.576923
0.577381
0.583333
0.592857
0.6
0.608766
0.616667
0.625
0.642857
0.65
0.666667
0.691667
0.694444
0.7
0.733333
0.75
0.766667
0.783333
0.833333
0.866667
0.9
0.916667
0.95
1.0
1.08333
1.11667
1.16667
1.2
1.25
1.31667
1.33333
1.35
1.5
1.50833
1.50952
1.57857
1.58333
1.58452
1.66667
1.73333
1.75
1.83333
1.8373
1.875
1.91667
2.0
2.16667
2.5
3.0
5.33333
