70 0.0588235
564 0.0666667
521 0.0714286
386 0.0769231
1009 0.0833333
992 0.0909091
1742 0.1
1866 0.111111
2178 0.125
2200 0.142857
2465 0.166667
8 0.167832
2 0.177778
2 0.181818
3 0.18254
3 0.191667
2530 0.2
38 0.20202
38 0.211111
3 0.21978
6 0.225
6 0.233333
19 0.236111
16 0.242857
6 0.245671
2010 0.25
59 0.253968
21 0.267857
1 0.271429
26 0.277778
30 0.285714
48 0.291667
14 0.3
51 0.309524
29 0.311111
4 0.316667
10 0.325
1492 0.333333
1 0.336111
22 0.342857
2 0.344444
2 0.354701
147 0.366667
22 0.375
1 0.376623
36 0.392857
94 0.4
3 0.404433
36 0.416667
6 0.420635
35 0.428571
4 0.434524
16 0.436111
2 0.440115
69 0.45
14 0.452381
1 0.458333
4 0.475
2 0.47619
1 0.485714
815 0.5
2 0.509524
2 0.513889
2 0.515909
5 0.517857
1 0.527778
2 0.529433
12 0.533333
1 0.535714
2 0.541667
4 0.559524
5 0.566667
7 0.569444
2 0.57619
1 0.576923
4 0.577381
41 0.583333
1 0.592857
2 0.6
1 0.608766
6 0.616667
1 0.625
4 0.642857
5 0.65
124 0.666667
1 0.691667
1 0.694444
26 0.7
5 0.733333
24 0.75
1 0.766667
2 0.783333
42 0.833333
12 0.866667
2 0.9
15 0.916667
3 0.95
93 1.0
2 1.08333
4 1.11667
6 1.16667
1 1.2
6 1.25
4 1.31667
8 1.33333
1 1.35
21 1.5
1 1.50833
1 1.50952
1 1.57857
2 1.58333
2 1.58452
4 1.66667
1 1.73333
1 1.75
3 1.83333
1 1.8373
1 1.875
3 1.91667
2 2.0
1 2.16667
3 2.5
1 3.0
2 5.33333
