0 0.00745 0.09075 -0.002 0.0105 0.00759 0.00835 0.00339 0.00804 0.00372 0.02401 0.00286 0.02265 0.00567 0.02026
0.00745 0 0.08255 0.00514 0.01338 0.02005 0.0189 0.01498 0.00986 0.00643 0.02724 0.01032 0.03315 0.02001 0.01398
0.09075 0.08255 0 0.13776 0.10891 0.10762 0.10785 0.11432 0.12574 0.10659 0.16696 0.10187 0.09254 0.1242 0.12395
-0.002 0.00514 0.13776 0 0.01722 0.01023 0.01629 0.01022 0.00538 0.0034 0.01965 0.00031 0.03169 0.01323 0.01609
0.0105 0.01338 0.10891 0.01722 0 0.02094 0.0123 0.00763 0.01485 0.0156 0.02173 0.01555 0.03192 0.01813 0.02478
0.00759 0.02005 0.10762 0.01023 0.02094 0 -0.00237 0.01128 0.01011 0.00882 0.03503 0.00381 0.00574 0.01193 0.02712
0.00835 0.0189 0.10785 0.01629 0.0123 -0.00237 0 0.00725 0.00778 0.00505 0.02421 0.00716 0.01176 0.00858 0.03401
0.00339 0.01498 0.11432 0.01022 0.00763 0.01128 0.00725 0 0.00835 0.0047 0.01531 0.00944 0.0304 0.00089 0.02894
0.00804 0.00986 0.12574 0.00538 0.01485 0.01011 0.00778 0.00835 0 0.00225 0.01272 0.00589 0.02747 0.01482 0.01442
0.00372 0.00643 0.10659 0.0034 0.0156 0.00882 0.00505 0.0047 0.00225 0 0.01139 0.0053 0.02891 0.00314 0.02686
0.02401 0.02724 0.16696 0.01965 0.02173 0.03503 0.02421 0.01531 0.01272 0.01139 0 0.03284 0.06492 0.01737 0.05375
0.00286 0.01032 0.10187 0.00031 0.01555 0.00381 0.00716 0.00944 0.00589 0.0053 0.03284 0 0.01076 0.00886 0.02156
0.02265 0.03315 0.09254 0.03169 0.03192 0.00574 0.01176 0.0304 0.02747 0.02891 0.06492 0.01076 0 0.03307 0.03948
0.00567 0.02001 0.1242 0.01323 0.01813 0.01193 0.00858 0.00089 0.01482 0.00314 0.01737 0.00886 0.03307 0 0.04956
0.02026 0.01398 0.12395 0.01609 0.02478 0.02712 0.03401 0.02894 0.01442 0.02686 0.05375 0.02156 0.03948 0.04956 0
