0 0.01085 0.02104 0.23498 -0.0029 0.10798 0.16708 0.05583 0.10696 0.0651 0.04512 0.09481 0.07881 0.03103 0.03214 0.05691 0.0386 0.10071 0.17721 0.05337 0.08956 0.01951 0.15846 0.01151 0.13228 0.13885 0.23485
0.01085 0 -0.00889 0.15793 0.01664 0.13248 0.22663 0.09701 0.13057 0.09355 0.06989 0.1188 0.08068 0.04248 0.08278 0.09999 0.09243 0.19711 0.2061 0.10118 0.08505 0.04041 0.13994 0.01735 0.10093 0.23641 0.25559
0.02104 -0.00889 0 0.12135 0.01678 0.16194 0.19723 0.10499 0.10637 0.06849 0.06156 0.10366 0.06767 0.03736 0.0714 0.10015 0.0983 0.20457 0.16336 0.08596 0.05799 0.02625 0.14354 0.01037 0.06097 0.23757 0.2115
0.23498 0.15793 0.12135 0 0.15624 0.46105 0.3272 0.28464 0.16965 0.19205 0.23197 0.35947 0.13589 0.15903 0.22923 0.33576 0.32598 0.4636 0.34143 0.24131 0.13322 0.19152 0.26858 0.1514 0.09068 0.47631 0.42167
-0.0029 0.01664 0.01678 0.15624 0 0.09234 0.11587 0.03097 0.0393 0.04165 0.03032 0.08673 0.01759 -0.00074 0.01127 0.0562 0.04371 0.09532 0.13299 0.02627 0.03851 0.00374 0.11141 -0.00302 0.0853 0.12324 0.18398
0.10798 0.13248 0.16194 0.46105 0.09234 0 0.40203 0.19745 0.30052 0.28161 0.17328 0.24024 0.21762 0.141 0.2075 0.15237 0.11583 0.22249 0.46938 0.25122 0.32167 0.20495 0.14491 0.12437 0.36608 0.34875 0.59449
0.16708 0.22663 0.19723 0.3272 0.11587 0.40203 0 0.18323 0.09047 0.03081 0.16107 0.22965 0.16646 0.16591 0.04315 0.20279 0.17049 0.17566 0.11107 0.03002 0.1118 0.0937 0.36194 0.15043 0.17194 0.14429 0.18384
0.05583 0.09701 0.10499 0.28464 0.03097 0.19745 0.18323 0 0.11422 0.11321 0.17178 0.24836 0.09471 0.09502 0.06609 0.19869 0.15614 0.14085 0.29864 0.06172 0.11239 0.07156 0.24281 0.09426 0.23556 0.10014 0.36655
0.10696 0.13057 0.10637 0.16965 0.0393 0.30052 0.09047 0.11422 0 0.04581 0.09453 0.21199 0.00945 0.03819 0.03152 0.17031 0.14373 0.21275 0.16504 0.03895 0.01843 0.04535 0.20263 0.051 0.092 0.21382 0.246
0.0651 0.09355 0.06849 0.19205 0.04165 0.28161 0.03081 0.11321 0.04581 0 0.07551 0.13246 0.08151 0.07143 0.00436 0.1198 0.10165 0.15439 0.0668 0.00258 0.02279 0.0073 0.2449 0.05 0.05955 0.14053 0.11411
0.04512 0.06989 0.06156 0.23197 0.03032 0.17328 0.16107 0.17178 0.09453 0.07551 0 0.03867 0.07977 0.02067 0.04928 0.00586 0.01573 0.15341 0.09469 0.09111 0.11333 0.05146 0.12722 0.00891 0.07892 0.24465 0.14918
0.09481 0.1188 0.10366 0.35947 0.08673 0.24024 0.22965 0.24836 0.21199 0.13246 0.03867 0 0.19324 0.11726 0.11293 0.01533 0.03042 0.16782 0.11423 0.15109 0.20737 0.10174 0.2136 0.06838 0.15728 0.2906 0.15755
0.07881 0.08068 0.06767 0.13589 0.01759 0.21762 0.16646 0.09471 0.00945 0.08151 0.07977 0.19324 0 0.00597 0.05231 0.14932 0.12924 0.21893 0.21161 0.07227 0.03278 0.04406 0.12528 0.02456 0.09484 0.24581 0.28632
0.03103 0.04248 0.03736 0.15903 -0.00074 0.141 0.16591 0.09502 0.03819 0.07143 0.02067 0.11726 0.00597 0 0.03703 0.07014 0.06199 0.17219 0.17131 0.06952 0.05898 0.03043 0.08896 -0.00751 0.08066 0.22551 0.24161
0.03214 0.08278 0.0714 0.22923 0.01127 0.2075 0.04315 0.06609 0.03152 0.00436 0.04928 0.11293 0.05231 0.03703 0 0.07852 0.05384 0.08309 0.0973 -0.00603 0.03966 4e-04 0.20043 0.02927 0.09981 0.08823 0.15155
0.05691 0.09999 0.10015 0.33576 0.0562 0.15237 0.20279 0.19869 0.17031 0.1198 0.00586 0.01533 0.14932 0.07014 0.07852 0 -0.00772 0.1154 0.1361 0.12612 0.18936 0.08773 0.16225 0.04594 0.16048 0.24136 0.18823
0.0386 0.09243 0.0983 0.32598 0.04371 0.11583 0.17049 0.15614 0.14373 0.10165 0.01573 0.03042 0.12924 0.06199 0.05384 -0.00772 0 0.06063 0.13289 0.09408 0.16365 0.06811 0.15146 0.04165 0.16518 0.17027 0.17686
0.10071 0.19711 0.20457 0.4636 0.09532 0.22249 0.17566 0.14085 0.21275 0.15439 0.15341 0.16782 0.21893 0.17219 0.08309 0.1154 0.06063 0 0.25271 0.10182 0.24085 0.12749 0.30614 0.14776 0.31536 0.05509 0.3216
0.17721 0.2061 0.16336 0.34143 0.13299 0.46938 0.11107 0.29864 0.16504 0.0668 0.09469 0.11423 0.21161 0.17131 0.0973 0.1361 0.13289 0.25271 0 0.11629 0.16047 0.10873 0.35721 0.12357 0.09833 0.31215 0.01439
0.05337 0.10118 0.08596 0.24131 0.02627 0.25122 0.03002 0.06172 0.03895 0.00258 0.09111 0.15109 0.07227 0.06952 -0.00603 0.12612 0.09408 0.10182 0.11629 0 0.03293 0.0093 0.24726 0.05492 0.11977 0.07122 0.17852
0.08956 0.08505 0.05799 0.13322 0.03851 0.32167 0.1118 0.11239 0.01843 0.02279 0.11333 0.20737 0.03278 0.05898 0.03966 0.18936 0.16365 0.24085 0.16047 0.03293 0 0.0176 0.23626 0.04668 0.0594 0.22476 0.22876
0.01951 0.04041 0.02625 0.19152 0.00374 0.20495 0.0937 0.07156 0.04535 0.0073 0.05146 0.10174 0.04406 0.03043 4e-04 0.08773 0.06811 0.12749 0.10873 0.0093 0.0176 0 0.18687 0.0105 0.07038 0.13846 0.15834
0.15846 0.13994 0.14354 0.26858 0.11141 0.14491 0.36194 0.24281 0.20263 0.2449 0.12722 0.2136 0.12528 0.08896 0.20043 0.16225 0.15146 0.30614 0.35721 0.24726 0.23626 0.18687 0 0.09442 0.22132 0.39867 0.43247
0.01151 0.01735 0.01037 0.1514 -0.00302 0.12437 0.15043 0.09426 0.051 0.05 0.00891 0.06838 0.02456 -0.00751 0.02927 0.04594 0.04165 0.14776 0.12357 0.05492 0.04668 0.0105 0.09442 0 0.05598 0.19898 0.17821
0.13228 0.10093 0.06097 0.09068 0.0853 0.36608 0.17194 0.23556 0.092 0.05955 0.07892 0.15728 0.09484 0.08066 0.09981 0.16048 0.16518 0.31536 0.09833 0.11977 0.0594 0.07038 0.22132 0.05598 0 0.34961 0.14513
0.13885 0.23641 0.23757 0.47631 0.12324 0.34875 0.14429 0.10014 0.21382 0.14053 0.24465 0.2906 0.24581 0.22551 0.08823 0.24136 0.17027 0.05509 0.31215 0.07122 0.22476 0.13846 0.39867 0.19898 0.34961 0 0.39
0.23485 0.25559 0.2115 0.42167 0.18398 0.59449 0.18384 0.36655 0.246 0.11411 0.14918 0.15755 0.28632 0.24161 0.15155 0.18823 0.17686 0.3216 0.01439 0.17852 0.22876 0.15834 0.43247 0.17821 0.14513 0.39 0
