0 0.00688 0.00821 0.02786 0.06182 0.1149 0.09505 0.09971 0.11675 0.11127 0.11562 0.11637 0.06146 0.0819 0.09592 0.08335 0.09137 0.08975 0.09315 0.09066 0.13293 0.09058 0.089 0.09562 0.08315 0.16709 0.15946 0.1114 0.10645 0.1187 0.10987 0.11333 0.11491 0.09238 0.10941 0.11523 0.10477 0.09996 0.11579 0.12084 0.16866 0.20732 0.23782 0.15164 0.13572 0.1472 0.16846 0.16609 0.18024 0.15583 0.23558 0.21798 0.1746 0.16871 0.25476 0.17446 0.20954 0.19245 0.15769 0.23206 0.22374 0.18595
0.00688 0 0.00968 0.03874 0.07427 0.12796 0.11138 0.10955 0.12967 0.12854 0.12705 0.13175 0.07413 0.1031 0.11557 0.10058 0.10885 0.10765 0.10652 0.11113 0.1502 0.10345 0.10688 0.11184 0.09716 0.17303 0.16718 0.12578 0.12153 0.12766 0.12119 0.11981 0.13259 0.10855 0.1183 0.1271 0.1195 0.1102 0.12749 0.13847 0.17799 0.21442 0.23903 0.16541 0.15266 0.16911 0.17888 0.18147 0.1931 0.16657 0.22687 0.2239 0.18965 0.17541 0.244 0.19002 0.21976 0.2007 0.16946 0.22119 0.2344 0.19923
0.00821 0.00968 0 0.035 0.06703 0.12606 0.1139 0.11751 0.13292 0.12847 0.13092 0.13608 0.07767 0.10772 0.12605 0.10465 0.11403 0.11179 0.11078 0.11602 0.14704 0.10496 0.11071 0.11238 0.10245 0.16576 0.16036 0.13505 0.12291 0.13765 0.12768 0.12819 0.1325 0.11724 0.12557 0.13641 0.12326 0.11249 0.13371 0.13903 0.18261 0.21283 0.2364 0.16886 0.15285 0.16938 0.18428 0.17916 0.19759 0.16714 0.22927 0.22129 0.1927 0.17653 0.24417 0.19565 0.22286 0.20122 0.17289 0.21395 0.22778 0.20156
0.02786 0.03874 0.035 0 0.05315 0.13698 0.11864 0.12028 0.13631 0.1367 0.13585 0.13998 0.08909 0.11579 0.128 0.11356 0.11772 0.12121 0.11726 0.10817 0.15548 0.11422 0.11446 0.12144 0.10254 0.16686 0.16683 0.12623 0.11945 0.12463 0.12119 0.11847 0.1245 0.11007 0.11685 0.12089 0.1164 0.10886 0.12487 0.13366 0.17075 0.1972 0.22193 0.15175 0.1434 0.16141 0.17633 0.16673 0.18126 0.15074 0.21887 0.20991 0.17343 0.16833 0.22272 0.18017 0.20517 0.19045 0.15617 0.20067 0.20988 0.18763
0.06182 0.07427 0.06703 0.05315 0 0.16741 0.15444 0.14437 0.16415 0.16789 0.16882 0.1697 0.11878 0.14418 0.16289 0.14429 0.14661 0.15352 0.14401 0.14574 0.18757 0.14495 0.14893 0.147 0.13378 0.20352 0.20555 0.16559 0.15559 0.15931 0.16007 0.15951 0.16031 0.14992 0.1557 0.15778 0.15581 0.13726 0.1676 0.17174 0.20533 0.24406 0.27159 0.19619 0.17879 0.2079 0.21115 0.20429 0.22283 0.19056 0.26526 0.25699 0.21783 0.21399 0.29193 0.2194 0.24821 0.23616 0.19672 0.24488 0.2491 0.22862
0.1149 0.12796 0.12606 0.13698 0.16741 0 0.01324 0.01045 0.00783 0.00098 0.00133 0.01231 0.02849 0.01973 0.02046 0.01907 0.00933 0.01472 0.01941 0.02992 0.03326 0.01398 0.01086 0.01131 0.03326 0.14064 0.17567 0.08314 0.06384 0.08049 0.0662 0.07562 0.09657 0.07017 0.07536 0.08247 0.07093 0.06627 0.08168 0.06526 0.09814 0.14435 0.17973 0.08731 0.07282 0.08687 0.10935 0.10857 0.11207 0.09111 0.16597 0.15311 0.11001 0.09377 0.20696 0.11634 0.14009 0.11863 0.10488 0.15717 0.15988 0.131
0.09505 0.11138 0.1139 0.11864 0.15444 0.01324 0 0.00757 0.01637 0.00745 0.00818 0.01561 0.02501 0.0157 0.01086 0.00965 0.00559 0.00937 0.01391 0.02137 0.03425 0.01009 0.00725 0.01221 0.01995 0.12794 0.15157 0.06276 0.04727 0.06176 0.0477 0.0605 0.08345 0.05033 0.05359 0.06862 0.05509 0.05413 0.06742 0.05196 0.08325 0.12893 0.15847 0.06749 0.05313 0.06525 0.09478 0.09015 0.09514 0.07269 0.14508 0.13687 0.09764 0.0829 0.17995 0.0968 0.12083 0.105 0.0856 0.1347 0.14176 0.10932
0.09971 0.10955 0.11751 0.12028 0.14437 0.01045 0.00757 0 0.00836 0.00378 0.00993 0.0212 0.02768 0.02104 0.01663 0.01688 0.01521 0.0174 0.01526 0.01773 0.04308 0.01396 0.00881 0.01582 0.01959 0.11983 0.14366 0.06566 0.05101 0.0609 0.04503 0.06311 0.07842 0.04889 0.05456 0.06291 0.05234 0.05008 0.06882 0.05386 0.08493 0.13445 0.16538 0.0725 0.05708 0.07239 0.09782 0.092 0.09977 0.0774 0.14717 0.13717 0.09982 0.083 0.17464 0.09871 0.12602 0.11133 0.09202 0.12533 0.14713 0.11591
0.11675 0.12967 0.13292 0.13631 0.16415 0.00783 0.01637 0.00836 0 0.00647 0.00188 0.00982 0.03159 0.02108 0.01575 0.01986 0.01676 0.02113 0.02781 0.03248 0.04902 0.02317 0.01969 0.02298 0.03282 0.13071 0.16012 0.08211 0.06616 0.07477 0.06863 0.08161 0.09408 0.07038 0.07381 0.08001 0.07587 0.06639 0.08594 0.06962 0.10139 0.14862 0.17518 0.0894 0.07632 0.08215 0.11176 0.10903 0.11239 0.08876 0.16847 0.15219 0.11514 0.0934 0.19795 0.11869 0.1391 0.12216 0.10698 0.14481 0.1604 0.1269
0.11127 0.12854 0.12847 0.1367 0.16789 0.00098 0.00745 0.00378 0.00647 0 -0.00247 0.00697 0.02877 0.01885 0.01274 0.01785 0.01273 0.0115 0.02085 0.02403 0.03514 0.01944 0.01174 0.01552 0.02744 0.12638 0.15504 0.07287 0.05383 0.06846 0.05746 0.06802 0.07975 0.05671 0.06362 0.07136 0.06004 0.05796 0.07471 0.05864 0.0869 0.13393 0.15492 0.07485 0.05861 0.06624 0.10135 0.0919 0.10182 0.07831 0.15013 0.13709 0.09805 0.08146 0.17618 0.10045 0.12393 0.1072 0.09258 0.13263 0.14323 0.11822
0.11562 0.12705 0.13092 0.13585 0.16882 0.00133 0.00818 0.00993 0.00188 -0.00247 0 0.00602 0.01768 0.01241 0.00978 0.01363 0.01178 0.01178 0.02246 0.03039 0.03088 0.01735 0.01033 0.01391 0.03137 0.13874 0.17521 0.08122 0.05917 0.07639 0.06112 0.07432 0.09443 0.06792 0.06837 0.07817 0.07386 0.06927 0.0838 0.06477 0.09165 0.14812 0.17592 0.08004 0.0671 0.07946 0.10703 0.10992 0.11404 0.08758 0.17349 0.15148 0.11651 0.09292 0.19793 0.11159 0.13112 0.11833 0.10265 0.1448 0.15967 0.13049
0.11637 0.13175 0.13608 0.13998 0.1697 0.01231 0.01561 0.0212 0.00982 0.00697 0.00602 0 0.03198 0.02117 0.0173 0.02032 0.0198 0.02282 0.03271 0.03753 0.04962 0.02666 0.02523 0.02591 0.04041 0.12184 0.16801 0.08383 0.06679 0.07861 0.07174 0.07897 0.09426 0.0726 0.07586 0.08125 0.07756 0.06552 0.08988 0.07379 0.10225 0.14589 0.17643 0.08877 0.07413 0.08646 0.1133 0.10937 0.12033 0.09195 0.16318 0.1541 0.11854 0.09642 0.1909 0.12038 0.1329 0.12578 0.10239 0.14787 0.15856 0.13061
0.06146 0.07413 0.07767 0.08909 0.11878 0.02849 0.02501 0.02768 0.03159 0.02877 0.01768 0.03198 0 0.02409 0.02818 0.02518 0.03101 0.02989 0.02939 0.03745 0.05906 0.02901 0.02736 0.03245 0.0324 0.12078 0.14528 0.06715 0.04987 0.06377 0.05549 0.05969 0.07228 0.0531 0.05765 0.06447 0.06406 0.05008 0.06973 0.06752 0.10231 0.14871 0.1772 0.08855 0.08019 0.09156 0.11424 0.11161 0.12185 0.09161 0.16946 0.15626 0.12332 0.09954 0.18239 0.12296 0.14818 0.13001 0.10842 0.14654 0.16407 0.13271
0.0819 0.1031 0.10772 0.11579 0.14418 0.01973 0.0157 0.02104 0.02108 0.01885 0.01241 0.02117 0.02409 0 0.01417 0.0093 0.01514 0.01849 0.02702 0.02614 0.04979 0.01909 0.01815 0.0233 0.03048 0.11724 0.14465 0.06615 0.05054 0.05965 0.05502 0.06688 0.07146 0.05452 0.05607 0.06684 0.0553 0.05269 0.06905 0.05713 0.08937 0.12669 0.14675 0.07478 0.06129 0.0699 0.0971 0.09061 0.10026 0.07017 0.1402 0.13582 0.09829 0.08042 0.16133 0.10171 0.11609 0.11048 0.0896 0.12036 0.14117 0.1137
0.09592 0.11557 0.12605 0.128 0.16289 0.02046 0.01086 0.01663 0.01575 0.01274 0.00978 0.0173 0.02818 0.01417 0 0.01354 0.01487 0.01681 0.02681 0.03045 0.04835 0.01734 0.01856 0.02199 0.02953 0.13355 0.16151 0.07411 0.0599 0.06303 0.06118 0.07122 0.08545 0.05466 0.06576 0.07362 0.06591 0.06424 0.0775 0.06278 0.09923 0.14546 0.16927 0.08589 0.07 0.07605 0.10991 0.10328 0.11073 0.08643 0.15508 0.15031 0.11423 0.09452 0.179 0.1132 0.13109 0.11827 0.10064 0.13912 0.15693 0.12466
0.08335 0.10058 0.10465 0.11356 0.14429 0.01907 0.00965 0.01688 0.01986 0.01785 0.01363 0.02032 0.02518 0.0093 0.01354 0 0.01709 0.01385 0.02137 0.0266 0.04885 0.01573 0.01381 0.02199 0.02875 0.1239 0.14167 0.05995 0.05108 0.05482 0.05083 0.06089 0.06794 0.04556 0.0566 0.06739 0.05184 0.04943 0.06555 0.05677 0.09022 0.1287 0.14976 0.07519 0.05814 0.0677 0.09922 0.09084 0.10141 0.07167 0.14167 0.1357 0.10303 0.08299 0.16548 0.10471 0.12318 0.11151 0.08934 0.12812 0.14603 0.11454
0.09137 0.10885 0.11403 0.11772 0.14661 0.00933 0.00559 0.01521 0.01676 0.01273 0.01178 0.0198 0.03101 0.01514 0.01487 0.01709 0 -0.00023 0.00857 0.01801 0.03055 -0.00025 -0.00082 -0.00042 0.01567 0.1262 0.14994 0.06403 0.04396 0.06187 0.05001 0.06072 0.08284 0.05245 0.05421 0.06181 0.05001 0.05106 0.06447 0.05066 0.08282 0.12716 0.1487 0.07571 0.06001 0.07407 0.09117 0.08664 0.09611 0.07251 0.14343 0.13594 0.09273 0.07878 0.16702 0.09373 0.11494 0.10192 0.08445 0.12173 0.13782 0.11108
0.08975 0.10765 0.11179 0.12121 0.15352 0.01472 0.00937 0.0174 0.02113 0.0115 0.01178 0.02282 0.02989 0.01849 0.01681 0.01385 -0.00023 0 0.01142 0.01708 0.02991 0.00235 -0.00052 0.00233 0.01814 0.12019 0.14384 0.05677 0.03939 0.05708 0.04596 0.05693 0.07084 0.04829 0.0523 0.05622 0.04453 0.04385 0.06053 0.05117 0.0808 0.12075 0.14669 0.06809 0.054 0.0668 0.08617 0.08403 0.10001 0.0687 0.14376 0.13545 0.09024 0.07917 0.16646 0.09113 0.11954 0.09793 0.08331 0.12494 0.13586 0.10791
0.09315 0.10652 0.11078 0.11726 0.14401 0.01941 0.01391 0.01526 0.02781 0.02085 0.02246 0.03271 0.02939 0.02702 0.02681 0.02137 0.00857 0.01142 0 0.01349 0.03323 0.00903 0.00333 0.00576 0.01361 0.11153 0.13297 0.04647 0.03578 0.04547 0.03875 0.04517 0.06628 0.03445 0.0397 0.04957 0.03827 0.0347 0.05264 0.04166 0.07676 0.12101 0.1413 0.06454 0.05167 0.06458 0.08561 0.07738 0.08998 0.0656 0.13543 0.12823 0.08413 0.07728 0.16302 0.08723 0.112 0.09624 0.08003 0.11809 0.13203 0.10844
0.09066 0.11113 0.11602 0.10817 0.14574 0.02992 0.02137 0.01773 0.03248 0.02403 0.03039 0.03753 0.03745 0.02614 0.03045 0.0266 0.01801 0.01708 0.01349 0 0.04276 0.01997 0.01353 0.01973 0.00875 0.10006 0.11996 0.0258 0.0159 0.02069 0.0179 0.02736 0.03737 0.0198 0.02235 0.02602 0.01391 0.01863 0.02907 0.02264 0.06702 0.10409 0.13444 0.05125 0.04332 0.05338 0.07368 0.06574 0.08259 0.05471 0.12557 0.11088 0.06902 0.06901 0.15866 0.07041 0.10265 0.08927 0.06582 0.10876 0.11562 0.089
0.13293 0.1502 0.14704 0.15548 0.18757 0.03326 0.03425 0.04308 0.04902 0.03514 0.03088 0.04962 0.05906 0.04979 0.04835 0.04885 0.03055 0.02991 0.03323 0.04276 0 0.02677 0.02856 0.03015 0.04406 0.14955 0.1771 0.09352 0.07002 0.0876 0.07317 0.08081 0.11283 0.08333 0.08014 0.08335 0.0773 0.08045 0.09299 0.07248 0.09988 0.13593 0.16294 0.08846 0.07557 0.09339 0.1081 0.10381 0.11616 0.09157 0.15843 0.15327 0.10768 0.09739 0.18811 0.10372 0.13992 0.10975 0.10831 0.13124 0.14648 0.12437
0.09058 0.10345 0.10496 0.11422 0.14495 0.01398 0.01009 0.01396 0.02317 0.01944 0.01735 0.02666 0.02901 0.01909 0.01734 0.01573 -0.00025 0.00235 0.00903 0.01997 0.02677 0 0.00051 0.00335 0.01514 0.11561 0.144 0.05834 0.04079 0.05262 0.04145 0.05536 0.07431 0.0476 0.04816 0.0595 0.0504 0.04488 0.06158 0.04763 0.08225 0.12519 0.14931 0.07206 0.05877 0.07251 0.08738 0.08397 0.0928 0.06991 0.13411 0.13259 0.09489 0.08079 0.16987 0.09133 0.12001 0.09892 0.08368 0.11751 0.13621 0.10598
0.089 0.10688 0.11071 0.11446 0.14893 0.01086 0.00725 0.00881 0.01969 0.01174 0.01033 0.02523 0.02736 0.01815 0.01856 0.01381 -0.00082 -0.00052 0.00333 0.01353 0.02856 0.00051 0 2e-04 0.01141 0.11004 0.13106 0.05462 0.03673 0.04897 0.03534 0.05201 0.06701 0.04208 0.04816 0.05317 0.04027 0.04088 0.05699 0.04476 0.07193 0.11492 0.13592 0.0581 0.04356 0.05612 0.08177 0.07788 0.08844 0.0634 0.1323 0.12114 0.08051 0.07071 0.16021 0.08413 0.11138 0.09002 0.07673 0.11226 0.12643 0.10094
0.09562 0.11184 0.11238 0.12144 0.147 0.01131 0.01221 0.01582 0.02298 0.01552 0.01391 0.02591 0.03245 0.0233 0.02199 0.02199 -0.00042 0.00233 0.00576 0.01973 0.03015 0.00335 2e-04 0 0.01667 0.11302 0.14434 0.0655 0.04921 0.06493 0.05291 0.06419 0.08576 0.0568 0.05871 0.06052 0.05629 0.05175 0.06653 0.05458 0.08206 0.13018 0.1578 0.07495 0.05883 0.07796 0.09439 0.09153 0.10086 0.07665 0.14869 0.13888 0.0939 0.08493 0.17356 0.09706 0.12351 0.10393 0.0902 0.121 0.13922 0.11619
0.08315 0.09716 0.10245 0.10254 0.13378 0.03326 0.01995 0.01959 0.03282 0.02744 0.03137 0.04041 0.0324 0.03048 0.02953 0.02875 0.01567 0.01814 0.01361 0.00875 0.04406 0.01514 0.01141 0.01667 0 0.11021 0.13614 0.02728 0.01609 0.03344 0.00978 0.02603 0.04037 0.01346 0.01567 0.01448 0.01291 0.01826 0.0258 0.01819 0.07138 0.13014 0.15424 0.06688 0.0488 0.05781 0.0874 0.0762 0.0839 0.07051 0.14069 0.12623 0.08838 0.07221 0.19196 0.0892 0.11457 0.10183 0.08329 0.12654 0.1366 0.10204
0.16709 0.17303 0.16576 0.16686 0.20352 0.14064 0.12794 0.11983 0.13071 0.12638 0.13874 0.12184 0.12078 0.11724 0.13355 0.1239 0.1262 0.12019 0.11153 0.10006 0.14955 0.11561 0.11004 0.11302 0.11021 0 0.10499 0.10946 0.09528 0.11863 0.10838 0.12168 0.11995 0.12156 0.11321 0.11071 0.12148 0.10727 0.10481 0.11016 0.17961 0.214 0.25072 0.1645 0.1521 0.16764 0.17516 0.18134 0.18517 0.17248 0.23237 0.22681 0.18845 0.16436 0.29655 0.18823 0.2134 0.20096 0.17354 0.22692 0.22597 0.20319
0.15946 0.16718 0.16036 0.16683 0.20555 0.17567 0.15157 0.14366 0.16012 0.15504 0.17521 0.16801 0.14528 0.14465 0.16151 0.14167 0.14994 0.14384 0.13297 0.11996 0.1771 0.144 0.13106 0.14434 0.13614 0.10499 0 0.12825 0.13362 0.15375 0.14205 0.14614 0.14079 0.13378 0.15146 0.15335 0.14011 0.12492 0.14081 0.1419 0.20302 0.22667 0.26796 0.1862 0.16556 0.17263 0.20288 0.20415 0.22435 0.20087 0.25796 0.23621 0.20193 0.18648 0.30605 0.2157 0.24543 0.22461 0.20294 0.2521 0.24615 0.21836
0.1114 0.12578 0.13505 0.12623 0.16559 0.08314 0.06276 0.06566 0.08211 0.07287 0.08122 0.08383 0.06715 0.06615 0.07411 0.05995 0.06403 0.05677 0.04647 0.0258 0.09352 0.05834 0.05462 0.0655 0.02728 0.10946 0.12825 0 -0.00099 0.00433 0.0055 0.00385 0.00715 0.00028 0.00595 0.01096 -0.00134 0.00322 0.00532 0.02238 0.08574 0.12266 0.14603 0.06999 0.0617 0.06488 0.08991 0.07674 0.0963 0.07193 0.14129 0.13473 0.09001 0.08734 0.16981 0.09709 0.12228 0.10763 0.0844 0.13976 0.14222 0.10799
0.10645 0.12153 0.12291 0.11945 0.15559 0.06384 0.04727 0.05101 0.06616 0.05383 0.05917 0.06679 0.04987 0.05054 0.0599 0.05108 0.04396 0.03939 0.03578 0.0159 0.07002 0.04079 0.03673 0.04921 0.01609 0.09528 0.13362 -0.00099 0 0.00257 -0.00468 -0.00218 0.01062 -6e-04 -0.01026 0.00341 -0.00447 0.00134 -0.00019 0.00364 0.06862 0.10897 0.13965 0.06075 0.05108 0.05411 0.07533 0.06803 0.08753 0.05997 0.13547 0.11905 0.08122 0.07303 0.1784 0.07751 0.10428 0.09548 0.06897 0.1274 0.12965 0.09237
0.1187 0.12766 0.13765 0.12463 0.15931 0.08049 0.06176 0.0609 0.07477 0.06846 0.07639 0.07861 0.06377 0.05965 0.06303 0.05482 0.06187 0.05708 0.04547 0.02069 0.0876 0.05262 0.04897 0.06493 0.03344 0.11863 0.15375 0.00433 0.00257 0 0.00522 0.00389 0.00893 0.00264 0.02582 0.01907 0.00982 0.00765 0.01567 0.02953 0.08641 0.13807 0.16961 0.07365 0.06544 0.07091 0.09241 0.09431 0.10543 0.08847 0.15619 0.13921 0.10545 0.10453 0.2163 0.09509 0.12223 0.11798 0.09219 0.1605 0.15483 0.11715
0.10987 0.12119 0.12768 0.12119 0.16007 0.0662 0.0477 0.04503 0.06863 0.05746 0.06112 0.07174 0.05549 0.05502 0.06118 0.05083 0.05001 0.04596 0.03875 0.0179 0.07317 0.04145 0.03534 0.05291 0.00978 0.10838 0.14205 0.0055 -0.00468 0.00522 0 0.00393 0.0128 0.00135 0.00156 0.0136 0.00127 0.0131 0.00099 0.00506 0.07172 0.1199 0.14344 0.06579 0.05346 0.05945 0.07829 0.06682 0.08288 0.0698 0.13791 0.12047 0.08554 0.07011 0.1821 0.0845 0.10727 0.09491 0.06674 0.13683 0.13437 0.09399
0.11333 0.11981 0.12819 0.11847 0.15951 0.07562 0.0605 0.06311 0.08161 0.06802 0.07432 0.07897 0.05969 0.06688 0.07122 0.06089 0.06072 0.05693 0.04517 0.02736 0.08081 0.05536 0.05201 0.06419 0.02603 0.12168 0.14614 0.00385 -0.00218 0.00389 0.00393 0 0.01277 -0.00255 0.00816 0.00441 -0.00075 0.00634 0.00605 0.02508 0.08889 0.14039 0.16191 0.07214 0.06768 0.0748 0.09664 0.08826 0.10948 0.08809 0.16173 0.14651 0.10855 0.1008 0.19727 0.10521 0.12474 0.12018 0.08936 0.16584 0.15525 0.12456
0.11491 0.13259 0.1325 0.1245 0.16031 0.09657 0.08345 0.07842 0.09408 0.07975 0.09443 0.09426 0.07228 0.07146 0.08545 0.06794 0.08284 0.07084 0.06628 0.03737 0.11283 0.07431 0.06701 0.08576 0.04037 0.11995 0.14079 0.00715 0.01062 0.00893 0.0128 0.01277 0 0.00743 0.01582 0.01611 0.00795 0.01417 0.01239 0.0318 0.11903 0.16136 0.17712 0.09206 0.08352 0.085 0.11533 0.10518 0.12326 0.10643 0.18542 0.16076 0.1226 0.11609 0.23271 0.12812 0.15055 0.1457 0.10887 0.19362 0.18068 0.13656
0.09238 0.10855 0.11724 0.11007 0.14992 0.07017 0.05033 0.04889 0.07038 0.05671 0.06792 0.0726 0.0531 0.05452 0.05466 0.04556 0.05245 0.04829 0.03445 0.0198 0.08333 0.0476 0.04208 0.0568 0.01346 0.12156 0.13378 0.00028 -6e-04 0.00264 0.00135 -0.00255 0.00743 0 0.00874 0.01377 -0.00678 0.00843 0.00701 0.0172 0.08131 0.14245 0.16662 0.07465 0.05759 0.05623 0.08929 0.08018 0.09699 0.08384 0.14527 0.13187 0.0972 0.09088 0.19377 0.09733 0.11926 0.11278 0.08179 0.16969 0.1579 0.1089
0.10941 0.1183 0.12557 0.11685 0.1557 0.07536 0.05359 0.05456 0.07381 0.06362 0.06837 0.07586 0.05765 0.05607 0.06576 0.0566 0.05421 0.0523 0.0397 0.02235 0.08014 0.04816 0.04816 0.05871 0.01567 0.11321 0.15146 0.00595 -0.01026 0.02582 0.00156 0.00816 0.01582 0.00874 0 0.00797 0.01307 0.01336 0.00951 0.01442 0.08049 0.11977 0.14659 0.06835 0.06465 0.06788 0.08703 0.07203 0.08412 0.06773 0.15144 0.13907 0.08724 0.07489 0.18024 0.08474 0.1065 0.10607 0.07112 0.13634 0.14005 0.09696
0.11523 0.1271 0.13641 0.12089 0.15778 0.08247 0.06862 0.06291 0.08001 0.07136 0.07817 0.08125 0.06447 0.06684 0.07362 0.06739 0.06181 0.05622 0.04957 0.02602 0.08335 0.0595 0.05317 0.06052 0.01448 0.11071 0.15335 0.01096 0.00341 0.01907 0.0136 0.00441 0.01611 0.01377 0.00797 0 0.00063 0.01212 0.01052 0.02343 0.08768 0.13295 0.15051 0.07258 0.06053 0.07271 0.08796 0.08436 0.09921 0.08637 0.15913 0.13724 0.09349 0.09609 0.20261 0.0942 0.12243 0.11832 0.08718 0.15329 0.14848 0.11379
0.10477 0.1195 0.12326 0.1164 0.15581 0.07093 0.05509 0.05234 0.07587 0.06004 0.07386 0.07756 0.06406 0.0553 0.06591 0.05184 0.05001 0.04453 0.03827 0.01391 0.0773 0.0504 0.04027 0.05629 0.01291 0.12148 0.14011 -0.00134 -0.00447 0.00982 0.00127 -0.00075 0.00795 -0.00678 0.01307 0.00063 0 0.00673 -0.00166 0.00696 0.06722 0.11247 0.13323 0.05089 0.03932 0.04798 0.0707 0.06599 0.08453 0.06729 0.13536 0.11277 0.07251 0.07745 0.18297 0.07369 0.10246 0.10081 0.0735 0.14203 0.1275 0.0984
0.09996 0.1102 0.11249 0.10886 0.13726 0.06627 0.05413 0.05008 0.06639 0.05796 0.06927 0.06552 0.05008 0.05269 0.06424 0.04943 0.05106 0.04385 0.0347 0.01863 0.08045 0.04488 0.04088 0.05175 0.01826 0.10727 0.12492 0.00322 0.00134 0.00765 0.0131 0.00634 0.01417 0.00843 0.01336 0.01212 0.00673 0 0.0134 0.02795 0.09208 0.13046 0.16879 0.07835 0.06478 0.07567 0.09706 0.09027 0.11146 0.09127 0.15673 0.14163 0.10198 0.09447 0.20388 0.10771 0.13203 0.12035 0.08967 0.15263 0.15261 0.11468
0.11579 0.12749 0.13371 0.12487 0.1676 0.08168 0.06742 0.06882 0.08594 0.07471 0.0838 0.08988 0.06973 0.06905 0.0775 0.06555 0.06447 0.06053 0.05264 0.02907 0.09299 0.06158 0.05699 0.06653 0.0258 0.10481 0.14081 0.00532 -0.00019 0.01567 0.00099 0.00605 0.01239 0.00701 0.00951 0.01052 -0.00166 0.0134 0 0.01756 0.08895 0.12775 0.14583 0.07034 0.06622 0.06966 0.09426 0.08084 0.09841 0.0783 0.14228 0.1342 0.09547 0.08529 0.1679 0.1005 0.12065 0.11055 0.08859 0.13418 0.13832 0.11391
0.12084 0.13847 0.13903 0.13366 0.17174 0.06526 0.05196 0.05386 0.06962 0.05864 0.06477 0.07379 0.06752 0.05713 0.06278 0.05677 0.05066 0.05117 0.04166 0.02264 0.07248 0.04763 0.04476 0.05458 0.01819 0.11016 0.1419 0.02238 0.00364 0.02953 0.00506 0.02508 0.0318 0.0172 0.01442 0.02343 0.00696 0.02795 0.01756 0 0.07933 0.1212 0.14427 0.06639 0.05834 0.06245 0.08667 0.07432 0.08536 0.07067 0.13365 0.12336 0.08677 0.0744 0.17372 0.08916 0.11719 0.10119 0.08194 0.12575 0.13024 0.11079
0.16866 0.17799 0.18261 0.17075 0.20533 0.09814 0.08325 0.08493 0.10139 0.0869 0.09165 0.10225 0.10231 0.08937 0.09923 0.09022 0.08282 0.0808 0.07676 0.06702 0.09988 0.08225 0.07193 0.08206 0.07138 0.17961 0.20302 0.08574 0.06862 0.08641 0.07172 0.08889 0.11903 0.08131 0.08049 0.08768 0.06722 0.09208 0.08895 0.07933 0 0.04366 0.0765 0.04222 0.02687 0.03574 0.00532 0.02357 0.02617 0.00337 0.05231 0.04531 0.01117 0.02498 0.10152 0.01035 0.02814 0.02292 0.01779 0.05857 0.06047 0.03963
0.20732 0.21442 0.21283 0.1972 0.24406 0.14435 0.12893 0.13445 0.14862 0.13393 0.14812 0.14589 0.14871 0.12669 0.14546 0.1287 0.12716 0.12075 0.12101 0.10409 0.13593 0.12519 0.11492 0.13018 0.13014 0.214 0.22667 0.12266 0.10897 0.13807 0.1199 0.14039 0.16136 0.14245 0.11977 0.13295 0.11247 0.13046 0.12775 0.1212 0.04366 0 0.10329 0.07797 0.05777 0.07484 0.03765 0.05948 0.06893 0.0494 0.09354 0.0852 0.04259 0.07408 0.13766 0.04558 0.06408 0.06259 0.05221 0.10289 0.0853 0.06878
0.23782 0.23903 0.2364 0.22193 0.27159 0.17973 0.15847 0.16538 0.17518 0.15492 0.17592 0.17643 0.1772 0.14675 0.16927 0.14976 0.1487 0.14669 0.1413 0.13444 0.16294 0.14931 0.13592 0.1578 0.15424 0.25072 0.26796 0.14603 0.13965 0.16961 0.14344 0.16191 0.17712 0.16662 0.14659 0.15051 0.13323 0.16879 0.14583 0.14427 0.0765 0.10329 0 0.09759 0.08552 0.08967 0.06744 0.07927 0.07648 0.08582 0.12395 0.09468 0.05846 0.10109 0.16721 0.0647 0.07559 0.07177 0.0707 0.11487 0.08489 0.08823
0.15164 0.16541 0.16886 0.15175 0.19619 0.08731 0.06749 0.0725 0.0894 0.07485 0.08004 0.08877 0.08855 0.07478 0.08589 0.07519 0.07571 0.06809 0.06454 0.05125 0.08846 0.07206 0.0581 0.07495 0.06688 0.1645 0.1862 0.06999 0.06075 0.07365 0.06579 0.07214 0.09206 0.07465 0.06835 0.07258 0.05089 0.07835 0.07034 0.06639 0.04222 0.07797 0.09759 0 0.02487 0.04343 0.04027 0.05208 0.05823 0.03719 0.10364 0.08414 0.05368 0.05725 0.13135 0.04426 0.07751 0.06813 0.04502 0.10094 0.09513 0.07739
0.13572 0.15266 0.15285 0.1434 0.17879 0.07282 0.05313 0.05708 0.07632 0.05861 0.0671 0.07413 0.08019 0.06129 0.07 0.05814 0.06001 0.054 0.05167 0.04332 0.07557 0.05877 0.04356 0.05883 0.0488 0.1521 0.16556 0.0617 0.05108 0.06544 0.05346 0.06768 0.08352 0.05759 0.06465 0.06053 0.03932 0.06478 0.06622 0.05834 0.02687 0.05777 0.08552 0.02487 0 0.01859 0.02787 0.02923 0.03973 0.01759 0.07662 0.06931 0.03083 0.04175 0.1263 0.0303 0.05873 0.04553 0.03604 0.07945 0.08117 0.04988
0.1472 0.16911 0.16938 0.16141 0.2079 0.08687 0.06525 0.07239 0.08215 0.06624 0.07946 0.08646 0.09156 0.0699 0.07605 0.0677 0.07407 0.0668 0.06458 0.05338 0.09339 0.07251 0.05612 0.07796 0.05781 0.16764 0.17263 0.06488 0.05411 0.07091 0.05945 0.0748 0.085 0.05623 0.06788 0.07271 0.04798 0.07567 0.06966 0.06245 0.03574 0.07484 0.08967 0.04343 0.01859 0 0.03873 0.04489 0.05103 0.03136 0.08856 0.0678 0.04927 0.04902 0.14217 0.05114 0.06906 0.05544 0.049 0.10861 0.09847 0.06608
0.16846 0.17888 0.18428 0.17633 0.21115 0.10935 0.09478 0.09782 0.11176 0.10135 0.10703 0.1133 0.11424 0.0971 0.10991 0.09922 0.09117 0.08617 0.08561 0.07368 0.1081 0.08738 0.08177 0.09439 0.0874 0.17516 0.20288 0.08991 0.07533 0.09241 0.07829 0.09664 0.11533 0.08929 0.08703 0.08796 0.0707 0.09706 0.09426 0.08667 0.00532 0.03765 0.06744 0.04027 0.02787 0.03873 0 0.0155 0.02061 -0.00014 0.03959 0.03554 0.00896 0.02708 0.09955 0.01157 0.02977 0.01615 0.01332 0.06237 0.05395 0.02399
0.16609 0.18147 0.17916 0.16673 0.20429 0.10857 0.09015 0.092 0.10903 0.0919 0.10992 0.10937 0.11161 0.09061 0.10328 0.09084 0.08664 0.08403 0.07738 0.06574 0.10381 0.08397 0.07788 0.09153 0.0762 0.18134 0.20415 0.07674 0.06803 0.09431 0.06682 0.08826 0.10518 0.08018 0.07203 0.08436 0.06599 0.09027 0.08084 0.07432 0.02357 0.05948 0.07927 0.05208 0.02923 0.04489 0.0155 0 0.0271 0.01209 0.07955 0.06224 0.02607 0.03867 0.11922 0.02674 0.04682 0.03379 0.01992 0.07509 0.06236 0.04098
0.18024 0.1931 0.19759 0.18126 0.22283 0.11207 0.09514 0.09977 0.11239 0.10182 0.11404 0.12033 0.12185 0.10026 0.11073 0.10141 0.09611 0.10001 0.08998 0.08259 0.11616 0.0928 0.08844 0.10086 0.0839 0.18517 0.22435 0.0963 0.08753 0.10543 0.08288 0.10948 0.12326 0.09699 0.08412 0.09921 0.08453 0.11146 0.09841 0.08536 0.02617 0.06893 0.07648 0.05823 0.03973 0.05103 0.02061 0.0271 0 0.01987 0.07209 0.07113 0.02991 0.04075 0.13094 0.02945 0.04011 0.03627 0.03372 0.08054 0.07054 0.05047
0.15583 0.16657 0.16714 0.15074 0.19056 0.09111 0.07269 0.0774 0.08876 0.07831 0.08758 0.09195 0.09161 0.07017 0.08643 0.07167 0.07251 0.0687 0.0656 0.05471 0.09157 0.06991 0.0634 0.07665 0.07051 0.17248 0.20087 0.07193 0.05997 0.08847 0.0698 0.08809 0.10643 0.08384 0.06773 0.08637 0.06729 0.09127 0.0783 0.07067 0.00337 0.0494 0.08582 0.03719 0.01759 0.03136 -0.00014 0.01209 0.01987 0 0.07639 0.04996 0.01358 0.03441 0.12537 0.01683 0.03212 0.03269 0.01167 0.08924 0.07022 0.04529
0.23558 0.22687 0.22927 0.21887 0.26526 0.16597 0.14508 0.14717 0.16847 0.15013 0.17349 0.16318 0.16946 0.1402 0.15508 0.14167 0.14343 0.14376 0.13543 0.12557 0.15843 0.13411 0.1323 0.14869 0.14069 0.23237 0.25796 0.14129 0.13547 0.15619 0.13791 0.16173 0.18542 0.14527 0.15144 0.15913 0.13536 0.15673 0.14228 0.13365 0.05231 0.09354 0.12395 0.10364 0.07662 0.08856 0.03959 0.07955 0.07209 0.07639 0 0.05237 0.07138 0.08173 0.16359 0.07076 0.07106 0.07191 0.05962 0.12095 0.11885 0.06347
0.21798 0.2239 0.22129 0.20991 0.25699 0.15311 0.13687 0.13717 0.15219 0.13709 0.15148 0.1541 0.15626 0.13582 0.15031 0.1357 0.13594 0.13545 0.12823 0.11088 0.15327 0.13259 0.12114 0.13888 0.12623 0.22681 0.23621 0.13473 0.11905 0.13921 0.12047 0.14651 0.16076 0.13187 0.13907 0.13724 0.11277 0.14163 0.1342 0.12336 0.04531 0.0852 0.09468 0.08414 0.06931 0.0678 0.03554 0.06224 0.07113 0.04996 0.05237 0 0.05038 0.06455 0.13714 0.05874 0.05734 0.06067 0.05056 0.11054 0.09353 0.0564
0.1746 0.18965 0.1927 0.17343 0.21783 0.11001 0.09764 0.09982 0.11514 0.09805 0.11651 0.11854 0.12332 0.09829 0.11423 0.10303 0.09273 0.09024 0.08413 0.06902 0.10768 0.09489 0.08051 0.0939 0.08838 0.18845 0.20193 0.09001 0.08122 0.10545 0.08554 0.10855 0.1226 0.0972 0.08724 0.09349 0.07251 0.10198 0.09547 0.08677 0.01117 0.04259 0.05846 0.05368 0.03083 0.04927 0.00896 0.02607 0.02991 0.01358 0.07138 0.05038 0 0.03612 0.10707 0.00493 0.03807 0.02431 0.02247 0.06483 0.05087 0.03348
0.16871 0.17541 0.17653 0.16833 0.21399 0.09377 0.0829 0.083 0.0934 0.08146 0.09292 0.09642 0.09954 0.08042 0.09452 0.08299 0.07878 0.07917 0.07728 0.06901 0.09739 0.08079 0.07071 0.08493 0.07221 0.16436 0.18648 0.08734 0.07303 0.10453 0.07011 0.1008 0.11609 0.09088 0.07489 0.09609 0.07745 0.09447 0.08529 0.0744 0.02498 0.07408 0.10109 0.05725 0.04175 0.04902 0.02708 0.03867 0.04075 0.03441 0.08173 0.06455 0.03612 0 0.11708 0.03588 0.05562 0.04658 0.03282 0.07709 0.08077 0.05467
0.25476 0.244 0.24417 0.22272 0.29193 0.20696 0.17995 0.17464 0.19795 0.17618 0.19793 0.1909 0.18239 0.16133 0.179 0.16548 0.16702 0.16646 0.16302 0.15866 0.18811 0.16987 0.16021 0.17356 0.19196 0.29655 0.30605 0.16981 0.1784 0.2163 0.1821 0.19727 0.23271 0.19377 0.18024 0.20261 0.18297 0.20388 0.1679 0.17372 0.10152 0.13766 0.16721 0.13135 0.1263 0.14217 0.09955 0.11922 0.13094 0.12537 0.16359 0.13714 0.10707 0.11708 0 0.0919 0.10255 0.10022 0.08744 0.15565 0.1395 0.13783
0.17446 0.19002 0.19565 0.18017 0.2194 0.11634 0.0968 0.09871 0.11869 0.10045 0.11159 0.12038 0.12296 0.10171 0.1132 0.10471 0.09373 0.09113 0.08723 0.07041 0.10372 0.09133 0.08413 0.09706 0.0892 0.18823 0.2157 0.09709 0.07751 0.09509 0.0845 0.10521 0.12812 0.09733 0.08474 0.0942 0.07369 0.10771 0.1005 0.08916 0.01035 0.04558 0.0647 0.04426 0.0303 0.05114 0.01157 0.02674 0.02945 0.01683 0.07076 0.05874 0.00493 0.03588 0.0919 0 0.03264 0.02081 0.01656 0.05609 0.04986 0.0364
0.20954 0.21976 0.22286 0.20517 0.24821 0.14009 0.12083 0.12602 0.1391 0.12393 0.13112 0.1329 0.14818 0.11609 0.13109 0.12318 0.11494 0.11954 0.112 0.10265 0.13992 0.12001 0.11138 0.12351 0.11457 0.2134 0.24543 0.12228 0.10428 0.12223 0.10727 0.12474 0.15055 0.11926 0.1065 0.12243 0.10246 0.13203 0.12065 0.11719 0.02814 0.06408 0.07559 0.07751 0.05873 0.06906 0.02977 0.04682 0.04011 0.03212 0.07106 0.05734 0.03807 0.05562 0.10255 0.03264 0 0.04416 0.02877 0.07416 0.06902 0.05457
0.19245 0.2007 0.20122 0.19045 0.23616 0.11863 0.105 0.11133 0.12216 0.1072 0.11833 0.12578 0.13001 0.11048 0.11827 0.11151 0.10192 0.09793 0.09624 0.08927 0.10975 0.09892 0.09002 0.10393 0.10183 0.20096 0.22461 0.10763 0.09548 0.11798 0.09491 0.12018 0.1457 0.11278 0.10607 0.11832 0.10081 0.12035 0.11055 0.10119 0.02292 0.06259 0.07177 0.06813 0.04553 0.05544 0.01615 0.03379 0.03627 0.03269 0.07191 0.06067 0.02431 0.04658 0.10022 0.02081 0.04416 0 0.03087 0.06714 0.04812 0.04274
0.15769 0.16946 0.17289 0.15617 0.19672 0.10488 0.0856 0.09202 0.10698 0.09258 0.10265 0.10239 0.10842 0.0896 0.10064 0.08934 0.08445 0.08331 0.08003 0.06582 0.10831 0.08368 0.07673 0.0902 0.08329 0.17354 0.20294 0.0844 0.06897 0.09219 0.06674 0.08936 0.10887 0.08179 0.07112 0.08718 0.0735 0.08967 0.08859 0.08194 0.01779 0.05221 0.0707 0.04502 0.03604 0.049 0.01332 0.01992 0.03372 0.01167 0.05962 0.05056 0.02247 0.03282 0.08744 0.01656 0.02877 0.03087 0 0.07845 0.06012 0.03743
0.23206 0.22119 0.21395 0.20067 0.24488 0.15717 0.1347 0.12533 0.14481 0.13263 0.1448 0.14787 0.14654 0.12036 0.13912 0.12812 0.12173 0.12494 0.11809 0.10876 0.13124 0.11751 0.11226 0.121 0.12654 0.22692 0.2521 0.13976 0.1274 0.1605 0.13683 0.16584 0.19362 0.16969 0.13634 0.15329 0.14203 0.15263 0.13418 0.12575 0.05857 0.10289 0.11487 0.10094 0.07945 0.10861 0.06237 0.07509 0.08054 0.08924 0.12095 0.11054 0.06483 0.07709 0.15565 0.05609 0.07416 0.06714 0.07845 0 0.03846 0.07304
0.22374 0.2344 0.22778 0.20988 0.2491 0.15988 0.14176 0.14713 0.1604 0.14323 0.15967 0.15856 0.16407 0.14117 0.15693 0.14603 0.13782 0.13586 0.13203 0.11562 0.14648 0.13621 0.12643 0.13922 0.1366 0.22597 0.24615 0.14222 0.12965 0.15483 0.13437 0.15525 0.18068 0.1579 0.14005 0.14848 0.1275 0.15261 0.13832 0.13024 0.06047 0.0853 0.08489 0.09513 0.08117 0.09847 0.05395 0.06236 0.07054 0.07022 0.11885 0.09353 0.05087 0.08077 0.1395 0.04986 0.06902 0.04812 0.06012 0.03846 0 0.07485
0.18595 0.19923 0.20156 0.18763 0.22862 0.131 0.10932 0.11591 0.1269 0.11822 0.13049 0.13061 0.13271 0.1137 0.12466 0.11454 0.11108 0.10791 0.10844 0.089 0.12437 0.10598 0.10094 0.11619 0.10204 0.20319 0.21836 0.10799 0.09237 0.11715 0.09399 0.12456 0.13656 0.1089 0.09696 0.11379 0.0984 0.11468 0.11391 0.11079 0.03963 0.06878 0.08823 0.07739 0.04988 0.06608 0.02399 0.04098 0.05047 0.04529 0.06347 0.0564 0.03348 0.05467 0.13783 0.0364 0.05457 0.04274 0.03743 0.07304 0.07485 0
