	abrolhos	arraial	belize	ceara	costa_dos_corais	cuba	curacao	florida_keys	grays_reef_nms	guarapari	ilha_gde	ilhabela	l_santos	manuel_luis	mexico_car	noronha	north_carolina	rg_norte	rio_de_janeiro	rocas	salvador_bts	santa_catarina	stpauls_rocks	trindade
1_c1_3_1	0	0	0	0	0	0	0	0	19300.22035	0	0	0	0	0	0	0	8605.306407	0	0	0	0	0	0	0
1_c2_1_1	47.2624749	671.0456441	2.978875056	46.08091302	4.917290506	0.929128799	49.45785069	1.388165874	0	47.08421173	176.0252284	669.0398216	62.99041196	0	38.94893989	50.40866483	0.694082937	6.114413364	22.54090166	1.181561872	382.7081851	56.65319574	139.0412404	5113.435639
1_c2_1_3	25.82744079	0	0	5.437355956	0	0	0	0	0	54.37355956	0	0	0	27.15032115	0	0	0	0	0	0	0	0	0	0
1_c2_3_1	0	0	0	64.60041765	0	0	0	0	0	590.197655	0	0	0	86.06208033	0	0	0	1778.031505	0	0	339.3165546	0	0	7598.766765
1_d_1_3	0	1.163148505	0.922776875	117.477999	0	18.61037608	1357.7454	0	0	0	0	0	0	0	100.4966581	0	4.870447081	35.71760675	0	0	0	1.946227944	0	2.32629701
1_h2_2_1	0	29.67926516	0	0	0	0	0	0	0	0	0	0	0	0	0	0	0	0	0	0	0	0	0	0
1_z_1_5	0	0	0	0	0	361.7391851	7158.361034	0	0	0	0	0	0	0	0	0	0	0	0	0	0	0	0	0
1_z_2_3	0	0	0	0	0	0	0	0	0	0	0	0	0	0	0	0	0	0	0	0	0	0	11.5291631	0
2_c1_2_1	8.967239345	2140.007979	52.73399083	167.1820908	0	0	386.283404	233.9149964	7.396841719	357.0134938	336.8741992	441.826054	8.967239345	58.0247555	659.2867732	0	0	72.18789967	3.42606127	0	2029.714681	1659.682461	0	0
2_c1_2_3	0	36.04979078	0	0	0	0	0	0	0	0	0	0	0	0	0	0	0	0	0	0	0	0	0	0
2_c1_3_5	53.14632783	0	0	20094.62908	91.69484208	0	0	0	0	0	0	0	0	0	0	0	0	78450.48853	0	0	3558.981068	0	0	0
2_c2_1_1	664.910757	13694.27874	1.170799874	616.556988	11.84487552	0	39.4055001	0	1437.645938	2538.920433	260.8227412	230.2107604	30.33235105	94.66883914	25.29563122	997.8007955	220.206715	1995.424318	0	12.99957902	42.88010573	1604.832584	751.8863743	197.963667
2_c2_1_2	0	0	0	0	0	0	0	0	0	0	12.71006601	0	0	0	0	0	0	0	0	0	0	0	0	0
2_c2_1_3	0	0	0	0	0	33.98347473	43.49513883	0	0	0	0	0	0	0	0	0	0	0	0	0	0	0	0	0
2_c2_2_1	52.18319718	3061.183018	271.0690741	23.83895617	0	11.80170596	1362.290842	437.2463752	0	904.6695104	38.19141234	646.5568474	40.91937037	35.82418419	1110.949278	6.608388323	2.774612005	47.37192657	64.23476688	0	94.860418	247.2634611	5.595443067	576.2429217
2_c2_2_2	0	0	156.9672753	32.54034392	0	5.595443067	40.74130646	452.7206415	67.57664479	0	0	0	0	324.4702872	637.7639562	101.3649672	256.6413862	180.124815	0	2742.881727	0	0	0	0
2_c2_3_1	0	0	2187.195291	0	0	68.53442335	4507.178731	408.3331571	22.69632569	0	0	0	0	0	1075.84295	0	0.866755069	0	0	0	0	0	0	0
2_c3_2_2	0	0	442.7658692	0	0	18.80993711	1676.135231	1194.430017	0	0	0	0	0	0	4712.592037	0	0	0	0	0	0	0	0	0
2_c3_3_1	7.233198736	661.849702	0	0	0	0	0	0	98.59148419	614.1987866	95.30183082	660.7608617	80.83543335	0	24.04510449	0	2.175223074	3.679181996	0	0	177.9779209	7795.079978	0	369.0055213
2_d_1_1	0	87.6111519	0	0	0	0	196.1500766	0	0	0	0	28.8236424	2.737848497	0	0	0	0	0	2.737848497	5020.559132	0	15.05816673	0	101.3003944
2_d_1_3	87.87825956	1481.414616	0	3.489445516	263.6145523	0	5.380877751	39.6593548	0	65.13631629	1134.723067	1185.090868	9.305188041	7.118374107	0	434.6941605	0	13.95778206	0	8913.644221	2867.161065	4287.953331	0	100.0307714
2_h2_1_1	3557.91516	50531.8741	2519.406603	4.748452993	15678.16548	114.0023598	31736.95947	8608.408116	1110.089487	7722.936055	2544.089435	20595.60736	1912.474453	342.877986	4784.937323	2322.71636	353.2122571	4036.35287	125.047221	25110.54341	4110.83991	43299.7541	36785.42507	15263.35257
2_h2_2_3	0	0	0	0	0	0	1.420390536	0	0	0	0	0	0	0	0	0	78.16576199	0	0	0	0	0	0	0
2_h2_3_3	24.72333123	1274.832788	0	0	0	0	0	0	0	123.0880199	73.08675732	153.8560835	51.92938115	160.8222019	0	0	12.14054142	39.59373814	0	0	0	478.0622956	0	0
2_p_2_1	0	54.16504144	0	0	0	0	0	0	0	0	0	0	0	0	0	0	0	0	0	0	0	0	0	0
2_z_1_1	0	0	0.666842001	125.3389877	0	0	0	0	0	309.0020089	0	0	0	10.93003839	0	0	21.33385383	10.69499535	0	0	0	2.214289647	0	14.3928827
2_z_1_2	0	0	0	0	0	0	0	0	13.43486995	0	0	0	0	0	0	0	0	0	0	0	0	0	0	0
2_z_1_3	0	132.7818135	0	0	0	0	0	0	9.804921839	0	3.431830965	0	1.715915483	0	0	0	0	0	0	8.579577413	3.431830965	3.431830965	1.715915483	30.33137676
2_z_1_5	0	0	0	0	0	0	0	0	0	0	0	0	0	0	0	0	27.71283126	0	0	0	0	0	0	0
2_z_2_1	0	2.399657355	0	0	0	0	0	0	0	1.199828678	0	0	3.599486033	0	0	0	0	0	0	0	0	3.599486033	0	0
2_z_2_4	0	329.9662435	0	0	0	0	0	0	0	20.79792089	5.999143388	424.3858815	427.5398426	0	0	0	0	0	0	0	0	29.99571694	0	0
2_z_2_5	0	566.6682475	0	0	0	0	960.9222647	199.4022263	0	161.7394356	1367.100272	4614.760933	605.3414124	0	0	434.3081235	0	2310.453874	0	1346.492523	900.0950086	135.303289	0	0
2_z_3_4	0	76.73793548	689.7112672	408.7841151	0	45.37496766	8340.039365	2959.714484	0	197.7109654	0	25.73499653	13.99481137	75.2297159	13830.84206	1990.194515	0	4165.337646	0	35955.17308	25.73499653	2.254626212	0	50803.62699
2_z_3_5	0	0	0	0	0	0	0	0	0	0	0	0	0	0	0	0	0	0	0	0	0	47.64877718	0	0
3_c1_1_1	4.093376977	899.1276116	0	202.3528646	3.659670116	0	0	0	294.4781465	772.3044466	199.0679702	331.7227937	60.66478414	0	39.80597338	0	213.1613795	3493.398278	6.822294961	0	44.99138607	2938.426725	0	0
3_c1_1_3	0	48.37738357	0	0	0	0	438.9928188	0	467.6199361	0	0	0	0	0	0	0	188.6200909	0	0	0	0	0	0	0
3_c1_2_1	0	2868.446858	85.63230146	64.27053549	0	22.2392557	1212.284074	0	0	1041.022735	971.5383401	1889.944667	608.6986712	0	102.4852091	0	0	1744.35329	0	0	8783.656176	13985.06557	0	1304.192929
3_c1_2_3	0	0	0	0	0	0	0	0	0	39.07126243	52.52139667	705.3861924	0	0	0	0	34.23238924	1.35233266	0	0	164.3258533	1110.94062	0	0
3_c1_3_1	6251.640256	29957.67395	167.8305763	2702.440725	5157.017765	0	723.8435236	276.3606296	10820.95601	13847.40112	1569.440135	36803.92044	5516.494946	4824.827228	267.3516252	1053.861744	2852.341643	8625.196392	488.5911086	0	490.1131994	5080.655405	0	93240.5228
3_c1_3_3	1834.10371	11646.07767	297.5609693	470.8756243	988.2153001	0	105.4137875	382.479733	91.20509588	4066.946792	1145.361179	3028.842105	673.853127	263.2677021	5613.233492	4639.892922	269.2999671	2376.335436	40.72795336	166.9986305	2169.690159	7833.710648	0	23527.11254
3_c1_3_4	0	0	0	5218.083242	0	0	0	0	2610.832439	0	0	0	0	0	0	0	145.5066896	32376.27216	0	0	0	0	0	0
3_c1_3_5	42706.73722	39917.55014	902.1106112	73764.74661	2022.318711	172.3981061	4195.137165	8866.773423	9810.433314	17840.52599	11968.97518	205230.5672	86880.74483	1475.642058	4382.095977	23104.33067	3650.026899	103677.7932	277.579856	12975.76332	58045.2771	134100.7563	0	0
3_c1_4_3	0	52.98121469	0	0	16.73053405	0	0	0	0	0	0	3349.447468	0	0	0	0	0	123.7492659	0	0	20.61628455	0	0	0
3_c2_1_1	121.0511797	1910.175783	0	0	240.7436921	0	0	0	0	1321.042629	192.4444235	2307.529063	383.4742397	0	0	38.34742397	0	59.21629872	38.34742397	0	58.94633772	417.2273632	0	57.52113596
3_c2_2_1	0	59339.7523	0	0	0	0	0	0	215.7077409	0	606.0726229	418.5732318	66.37409775	0	0	0	82.95954542	0	783.0959513	0	0	13356.09475	0	0
3_c2_2_2	2044.389008	33987.89915	257.6661411	531.4045977	119.8105495	0	194.7045482	676.0316556	0	5915.527752	2504.254431	4074.789218	760.7051897	106.0120557	631.8482533	0	0	533.7721711	1001.517489	0	616.5666801	8511.938774	1916.784343	4760.947745
3_c2_3_1	0	0	53.68054037	0	0	0	715.6293499	351.3855634	0	0	0	0	0	0	487.9617656	481.3229227	10.19057922	0	0	0	0	0	0	0
3_c3_2_1	0	627.0464987	627.9119811	0	0	3.006000857	412.6466767	1143.93686	0	4233.46753	0	1790.539044	0	0	1526.940653	0	0	2016.966334	0	0	0	203.1335771	0	18568.60691
3_c3_3_1	794.9890694	327.3631557	0	0	0	0	106.7854999	0	0	0	54.36280965	0	291.4379515	0	227.0806843	0	0	5730.424853	0	0	32.81278138	672.0021675	13758.0516	17549.00359
3_h2_1_1	0	0	553.3715623	0	465.2498795	0	3758.165702	1326.265661	0	0	0	0	0	0	344.3304865	0	0	971.9435219	0	0	0	0	0	12274.05004
3_h2_2_3	0	4110.564411	0	0	0	0	0	0	0	91.79899799	26.3139866	331.3466606	27.73437714	0	0	0	0	40.8593663	0	0	35.58328677	33.41593928	0	0
3_h2_3_3	764.0060169	883.8345839	9009.43336	143.5685872	0	511.9095717	22453.4879	12791.27669	0	416.9113031	24.25278606	336.116722	11.54669043	493.994452	20397.65046	436.8734688	2.775386579	3360.581711	0	59.72392756	239.444007	909.5700948	0	0
3_p_3_1	0	1589.388507	0	0	0	0	300.5714702	0	0	0	21.12668622	54.55399061	21.12668622	0	0	0	0	0	66.32682822	0	136.255354	5.893539122	0	113.3734164
3_z_2_1	0	0	0	0	0	14.10702962	705.1113786	0	0	0	0	0	0	0	0	0	0	0	0	0	0	0	0	0
3_z_2_4	0	364.084469	0	18445.31737	0	95.15140454	8930.685621	0	0	2715.986897	139.2261407	33.09858809	330.9858809	120.1635846	0	2889.99069	0	9287.285456	0	1994.091425	139.2261407	260.644345	68590.10599	82319.84665
3_z_3_3	9852.403502	46481.59425	8301.347848	1061.80974	938.6794452	115.5854755	14994.3056	451.6788681	0	7945.746929	21719.00299	44408.85369	12372.45262	477.4911146	8874.185403	5447.714703	0	63720.81831	345.6068815	68704.6504	26825.7998	74001.91704	35805.32395	36254.36877
3_z_3_5	0	30655.7212	0	1957.367566	567.9187696	0	25909.65254	330.8517807	0	8028.390282	354.7618123	13255.51426	12439.1475	33.09517955	882.591347	4157.892483	0	22203.53473	1458.25412	1694.104054	1984.145185	4457.438078	63886.37818	37094.5784
3_z_4_5	0	0	0	0	0	0	0	0	0	0	0	35517.36992	0	0	0	0	10461.75429	0	0	0	0	2236.747325	0	6909.200746
4_c1_1_1	0	0	0	0	0	0	0	0	0	0	0	0	0	125.0719836	0	0	0	0	0	0	0	0	0	0
4_c1_2_1	1841.896845	9722.210914	1895.534896	4520.204437	2088.160785	206.7030159	5837.153988	946.8452113	83.08799597	19065.16137	777.5144281	67789.23777	2582.168921	1185.157289	3890.030785	39153.39303	0.256524865	20279.16495	212.6703522	41487.93049	1756.841016	10126.38655	6605.969562	896026.1178
4_c1_3_1	260.4873003	2229.706154	357.8483873	1972.923929	80.50325763	5.504070264	3203.91671	2647.744392	0	5265.212534	191.3302487	16345.86515	7513.244571	572.4827435	5205.058038	0	0	11126.12922	0	478.6767766	4552.059744	4375.44823	6548.844795	60439.1948
4_c1_3_3	35174.03452	5548.554686	436.2508265	11036.46896	758.933344	0	127.8312313	3398.029734	3266.226521	2988.93667	2183.388837	66345.7085	37670.81084	41841.00194	59276.14434	7323.770261	7735.998276	15608.57273	0	11452.02886	7972.431509	50447.58331	0	0
4_c1_3_4	0	167.083273	599.2775435	32.97468375	0	65.10625455	401.982936	15799.87011	0	242.7285603	0	293.8167604	0	49.9299178	39641.89541	0	0	376.3369187	72.43857998	0	4853.771902	5957.08992	0	0
4_c1_3_5	0	305.0350965	0	40.76572774	1821.175925	0	14919.64302	3939.369595	0	96.96876709	0	0	0	238.2367406	305.0350965	10403.64595	0	14004.17997	0	7556.246341	0	0	0	41330.9446
4_c1_4_1	114.0089718	20.79753377	0	0	0	0	0	0	3004.759404	0	0	431.5875947	1714.345759	0	1768.204346	0	190.1557416	0	0	0	180.4531572	0	0	0
4_c1_4_3	0	0	0	0	0	0	0	0	0	0	0	0	0	0	0	0	0	17.34995645	0	0	20.03576034	0	0	0
4_c1_4_4	0	35.82812598	0	0	0	0	0	0	0	0	0	0	0	0	0	0	0	0	0	0	0	646.6462268	0	0
4_c2_3_1	0	6281.452025	0	0	0	0	177.0460072	0	0	253.8475788	107.4707747	107.4707747	214.9415495	0	6.283254304	0	0	13418.21201	22.56258351	0	0	263.7103783	302.7359217	107.4707747
4_c2_4_4	0	0	0	719.4202576	0	0	0	0	0	0	0	0	0	0	0	0	0	0	0	0	0	0	0	0
4_c3_2_1	634.7816541	674.9413178	139.9514221	5210.596728	0	29.75532634	56.10062176	27182.05492	1407.580409	5347.892447	0	376.1101017	192.6182432	248.6437324	1482.946311	0	468.7713528	10701.02198	0	0	2467.856194	320.6199215	23737.02629	0
4_c3_3_1	107.3296358	1049.449002	37.92794263	0	0	0	542.9394274	47.00426616	0	1121.858539	0	146.9083054	0	192.8137061	1200.210452	220.95052	0	739.2042468	0	146.9083054	107.3296358	74.04221465	0	4811.281969
4_h1_3_5	0	31639.93301	561.5209319	0	0	88.51350104	463.3745521	0	0	27253.34748	8053.119112	20777.49148	22765.15046	0	2796.074828	13119.05012	0	0	1708.782604	11206.29287	0	143767.3753	812977.5385	1571740.832
4_h2_2_3	6677.488025	9256.38118	80.15808469	1857.399822	0	0	1407.653951	1255.355504	0	5997.69438	2034.325465	37768.39777	17977.43504	6178.191314	1268.960907	2016.916336	0	11006.72301	0	5838.713661	1306.132913	9161.489316	6466.107281	0
4_h2_3_3	75022.26352	76645.30131	6374.81848	19308.37152	5509.193957	171.970612	24847.07856	17872.23557	179.5062563	42162.73886	2919.855018	107326.0472	17723.85772	19807.75107	27569.23397	71935.00104	143.5152918	146747.525	356.0290116	423264.0916	12113.03153	12525.60584	0	157673.4609
4_h2_3_4	0	0	0	0	0	0	0	0	0	0	0	0	400.825283	0	0	0	0	0	0	0	0	0	0	0
4_p_2_1	83.56215395	781.2399913	0	0	61.2528739	0	353.7843743	0	0	216.1525236	71.81024493	0	386.9494941	0	16.44844188	0	0	0	0	9.548557903	50.69550288	485.3358789	0	24.69835606
4_p_3_1	0	0	0	0	0	0	0	0	0	94.00198152	0	0	0	0	0	24.07345578	0	0	0	115.3055739	21.12668622	0	0	0
4_p_3_5	0	0	22.26572434	0	0	0	111.1438882	0	0	4118.993034	0	4021.248369	0	0	0	154.9254267	0	4121.087621	0	0	481.2967764	0	0	0
4_p_4_3	0	0	0	0	0	0	0	0	0	0	0	0	0	0	0	263.9088129	0	0	0	724.8480449	0	0	0	131.8925557
4_p_4_5	0	0	0	0	0	0	0	0	0	0	0	0	0	0	0	0	0	0	0	0	0	146.0079443	0	0
4_z_3_5	0	302.0747782	0	0	0	0	429.1019956	0	0	1.357237286	0	0	975.6846712	0	0	672.0714979	0	59.87206073	0	133.403023	3160.125232	22.96598183	0	10846.67539
4_z_4_5	0	70.22286119	96.10972377	0	0	0	0	0	1734.410178	0	0	608.684017	0	0	0	0	74249.8292	13213.65859	0	0	4440.14037	1413.014287	0	0
5_c1_1_1	0	307.5236733	108.2148887	0	0	0	37.89767002	0	0	0	0	1418.135788	0	0	55.0314562	237.5749685	164.7352362	113.3336924	0	7116.320714	0	143.8375347	0	9155.628001
5_c1_2_1	0	490.4255479	580.1134553	682.8902506	1359.041433	66.13617812	371.9711584	173.2029121	0	0	0	0	756.1726979	173.0734805	1783.817552	238.5420172	0	4544.010737	0	226.850735	503.878446	68.15913157	12118.09798	54158.90453
5_c1_3_1	0	1335.621774	667.4514105	26081.31986	0	0	222.5464042	288.5192193	188.9265433	15.07679948	46.11852279	18205.79828	3346.910831	0	6727.685964	9332.103814	278.927866	16737.56594	0	21391.05154	901.0596723	3387.974356	53175.34457	19678.89182
5_c1_3_4	20129.95587	6502.087542	865.2892164	39537.97069	66.69637471	68.21035116	3818.192304	26785.27583	516.1282036	5442.854271	40.71133792	1492.207479	525.022953	22315.3561	27662.18993	0	345.2159131	26214.7728	0	0	8653.636504	0	0	8516.837772
5_c1_4_1	0	102.7949806	0	0	0	0	0	38.12843893	1902.907316	0	133.5397183	0	0	0	0	2578.515659	374.8801929	0	0	0	0	3806.004016	0	0
5_c1_4_3	0	0	0	0	0	0	0	0	0	0	0	0	0	0	0	0	0	112.1158611	0	0	0	3778.380947	0	0
5_c1_4_5	0	0	0	0	0	0	0	0	0	0	0	0	1479.081143	0	0	0	0	0	0	0	0	0	0	0
5_c2_3_1	31.43606603	2055.255032	56.04762972	95.46766683	25.44856253	0	268.3948584	73.42840074	0	3078.964155	0	68.8385509	279.9341879	0	561.9452379	25.44856253	0	404.9581231	25.44856253	170.053373	278.4356393	0	89.14108354	1222.637582
5_c3_3_1	0	330.2708095	0	212.3432195	0	0	1.76041511	0	546.7170831	595.6435676	0	0	0	0	66.39574732	0	0	113.4713459	28.03538322	0	123.5613004	88.68007052	0	269.9621357
5_c3_4_3	0	0	0	0	0	0	0	194.3913824	0	0	0	0	0	0	0	43.34786289	0	0	0	0	0	68.71372849	0	0
5_d_4_5	0	1172.194579	0	0	0	0	0	0	0	0	0	275.7385767	0	0	0	0	0	0	0	0	0	723.4491926	0	0
5_h_4_3	0	0	0	0	0	0	0	0	0	0	0	0	0	0	0	0	0	42.97241275	0	0	0	0	0	5.371551594
5_h1_4_5	76.79812518	8346.204989	7879.02189	0	0	0	0	3305.775619	0	1393.739007	341.0702619	55686.34143	47655.73546	9507.357747	9878.738775	1768.581411	0	151716.8488	321.3788813	11956.07524	0	51783.52665	20394.23447	770033.1084
5_h2_2_3	925.1420837	278.2144543	645.8763944	871.5016157	1410.760863	0	66.54439975	1433.221395	0	567.3003518	0	0	0	101.3212065	954.1500341	0	0	0	0	0	18121.63317	304.6941895	0	0
5_h2_3_1	0	0	0	0	0	0	0	1401.638231	0	0	0	0	0	0	0	0	0	0	0	0	0	0	0	0
5_h2_3_3	11534.54703	1682.244871	4822.669671	187.0551176	27.25301691	46.53181724	21410.35721	9193.038164	0	81.75905074	0	2125.975577	1926.197196	13572.60493	8736.585764	7996.676689	0	23533.06438	0	1216.636806	4806.682973	875.9860886	0	111291.5835
5_p_2_1	0	1138.756113	0	0	0	0	0	0	0	20.45462547	3441.847103	23419.86819	3348.305471	0	0	0	0	0	0	0	0	24835.43074	0	0
5_p_3_1	0	124.3025008	0	1384.399687	0	0	0	0	0	1115.552283	0	0	0	0	0	137.4128128	0	222.3941319	0	0	0	0	2842.021913	0
5_p_4_5	1014.00551	6764.086843	509.0183547	258.6280265	0	0	1218.337838	1238.411084	1125.54562	2973.976747	364.6105488	38151.19725	1061.30853	722.2953876	2200.991855	1250.373482	934.6002586	797.0988594	0	212.2617059	173.3726841	16833.64758	20167.42001	9910.908987
5_z_4_1	0	0	0	0	0	0	0	235.9854601	0	0	0	0	0	0	409.0555078	645.0409679	0	0	0	0	0	0	50855.48796	28128.21379
6_c1_1_1	0	0	0	0	0	0	0	0	0	0	0	0	0	12982.16146	0	0	0	5381.298607	0	0	0	0	0	0
6_c1_2_1	946.6779009	259.6060685	209.5021531	0	55.8093399	1064.821997	0	0	0	0	520.6230333	50493.25973	5062.339867	0	0	0	0	46.34861028	0	0	27.90466995	45191.94533	518.4942499	1076.519643
6_c1_3_1	3027.628374	6464.598462	454.4124081	3787.346642	0	0	401.9065266	1254.929965	749.9431911	654.4542198	0	659.673952	999.9242548	152787.3382	2523.974414	1070.299885	0	5872.255007	0	67108.13169	2610.664101	845.7518524	844.2968699	17798.86903
6_c1_3_3	0	1424.581279	0	0	0	0	0	0	0	0	0	0	8984.290441	0	0	0	0	0	0	0	0	812.7280227	0	0
6_c1_4_1	0	0	513.3441716	0	0	87.18488584	0	228.3730608	0	0	0	0	0	0	0	0	0	0	0	0	0	0	0	0
6_c1_4_2	0	0	0	0	0	0	0	3521.784704	0	0	0	0	0	0	0	0	0	0	0	0	0	0	0	0
6_c1_4_3	0	0	0	0	0	0	0	0	0	0	0	0.005539554	0	0.054607235	0	166.1787486	0	0.030672598	0	67576.97274	0	0	0	0
6_c1_4_5	6785.112517	59.59837187	474.3023783	1057.038609	0	182.1536702	248.9964354	2046.386459	0	3193.485583	0	375.5205598	108.8113552	1499.595994	4603.76645	842.0789572	0	13909.15509	0	876.8783401	34.16900089	3140.250594	986.607133	2197.525457
6_c2_3_3	0	0	0	0	0	0	0	0	2597.894379	0	0	0	0	0	0	0	594.951528	0	0	0	0	0	0	0
6_c2_4_3	0	0	0	17745.77225	0	0	0	0	85749.57639	0	0	5382.795182	0	25846.22171	0	0	377.2890522	24059.48051	0	0	2290.666126	2673.79766	0	0
6_c3_3_1	0	0	0	0	0	0	0	0	0	0	0	0	0	0	93.68571788	115.8640111	0	0	0	791.2095282	0	0	3227.898547	5706.086944
6_h2_3_3	0	0	0	0	0	0	0	296.5878916	0	0	0	0	0	0	0	0	0	0	0	0	0	0	0	0
6_p_2_1	3567.109319	795.8105324	0	941.1288181	0	904.8732523	2535.937166	1640.937587	1221.269378	579.4596603	119.1969922	3993.337562	47.28908838	2849.423272	2407.552506	974.5120075	4346.67509	11426.4473	25.37392564	836.8514282	1941.470588	1631.613759	2665.004773	28973.43281
6_p_3_1	0	156.9669155	74.18817543	103.7214647	0	540.3065986	1239.397258	250.6255042	335.6765625	0	20.37838905	0	130.3519059	0	833.6897556	0	152.9293586	610.0840052	20.37838905	0	33.42025989	368.3176996	2568.382391	189.793104
6_p_4_1	0	0	488.9166724	0	0	5226.642554	214.2422943	1067.784861	1551.212595	0	0	0	0	11478.05829	4371.381169	912.9302427	0	7841.512205	0	6327.571747	0	0	1290.344289	42769.42047
6_p_4_2	0	0	0	0	0	0	0	0	0	0	0	0	0	0	0	0	30.96498647	6.192997295	0	0	0	0	0	0
6_p_4_3	0	0	0	0	0	0	0	0	71.34288446	0	0	8647.567731	0	0	0	0	0	0	0	0	0	15723.02643	0	0
6_p_4_4	0	0	0	0	0	0	0	0	0	0	0	0	0	0	0	0	0	48.16411307	0	0	0	0	0	0
6_p_4_5	0	0	167.8408379	359.8623315	36.66751124	0	56.70733335	0	228.0145793	0	0	10242.02005	4363.165613	14738.29923	4851.570439	2290.960485	809.9026335	4604.51343	0	22114.21999	204.3529408	7215.151518	23580.03274	32399.77122
6_z_4_5	0	0	0	0	0	0	0	0	0	0	0	6750.934766	1902.20872	0	0	0	0	4.418213968	0	0	1396.321711	8640.462343	0	0
