	abrolhos	arraial	belize	ceara	costa_dos_corais	cuba	curacao	florida_keys	grays_reef_nms	guarapari	ilha_gde	ilhabela	l_santos	manuel_luis	mexico_car	noronha	north_carolina	rg_norte	rio_de_janeiro	rocas	salvador_bts	santa_catarina	stpauls_rocks	trindade
ablennes	0	0	0	0	0	0	0	0	0	0	0	0	0	0	0	0	0	48.16411307	0	0	0	0	0	0
abudefduf	9852.403502	45841.94112	833.292042	1061.80974	938.6794452	0	1174.857853	451.6788681	0	7452.311088	21719.00299	44126.70193	12211.44611	8.772243562	3329.956954	5447.714703	0	24961.94462	345.6068815	68704.6504	2279.284674	73813.33882	35629.42253	36254.36877
acanthemblemaria	0	0	0	0	0	0.929128799	0	0	0	0	0	0	0	0	0	0	0	0	0	0	0	0	0	0
acanthistius	0	210.4339483	0	0	0	0	0	0	0	0	0	0	492.7747988	0	0	0	0	0	0	0	0	0	0	0
acanthostracion	107.3296358	1379.719812	37.92794263	212.3432195	0	0	544.6998425	47.00426616	546.7170831	1717.502106	0	146.9083054	0	192.8137061	1073.987956	220.95052	0	852.6755926	28.03538322	146.9083054	230.8909362	162.7222852	0	5081.244105
acanthurus	52752.33428	59293.47093	4042.398614	15830.12272	1520.503502	144.9289029	13076.83604	13836.26626	0	36393.47029	2507.484477	57661.39968	11597.83682	8009.036362	21603.09732	38288.02007	143.5152918	81933.99606	356.0290116	393059.8913	7912.100531	2041.783047	0	95737.9904
aetobatus	0	0	0	0	0	0	0	3521.784704	0	0	0	0	0	0	0	0	0	0	0	0	0	0	0	0
albula	0	0	0	0	0	0	0	0	0	0	0	0	0	0	0	166.1787486	0	0	0	67576.97274	0	0	0	0
alectis	0	0	0	0	0	0	0	0	0	0	0	0	0	1246.943672	0	0	0	0	0	0	0	0	0	0
alphestes	0	0	0	0	0	0	0	0	0	603.9710773	0	0	0	0	0	0	0	643.4933968	0	0	0	0	0	0
aluterus	0	0	0	0	0	0	0	194.3913824	0	0	0	0	0	0	93.68571788	159.211874	0	0	0	791.2095282	0	68.71372849	3227.898547	5706.086944
amblycirrhitus	0	1.421437993	1.170799874	12.96481457	0	0	12.91351727	0	0	271.54273	0	0	0	0	9.67028014	0.710718996	0	302.8560985	0	0	4.975032974	0	0	16.51840955
amphichthys	0	0	0	0	0	0	0	0	0	0	0	0	0	125.0719836	0	0	0	0	0	0	0	0	0	0
anisotremus	9736.185998	5634.961849	160.8961294	9614.160012	145.8242738	0	127.8312313	586.3774974	188.9265433	4041.815614	2229.50736	84551.50677	40866.78184	11187.70993	11694.01372	3520.237787	278.927866	14542.70027	0	0	7643.324672	53563.30761	0	19678.89182
antennarius	0	54.16504144	0	0	0	0	0	0	0	0	0	0	0	0	0	0	0	0	0	0	0	0	0	0
anthias	0	0	0	0	0	0	0	0	0	0	0	0	0	0	0	0	0	0	0	0	0	0	11.5291631	0
apogon	0	132.7818135	0	0	0	0	0	0	9.804921839	0	3.431830965	0	1.715915483	0	0	0	0	0	0	8.579577413	3.431830965	3.431830965	1.715915483	30.33137676
archosargus	0	0	0	0	0	0	0	0	2597.894379	0	0	0	0	0	0	0	594.951528	13418.21201	0	0	0	160.7639625	0	0
aulostomus	0	124.3025008	67.80037144	1384.399687	0	0	1239.397258	250.6255042	0	1115.552283	0	0	0	0	498.0131932	137.4128128	0	222.3941319	0	0	0	0	5410.404304	0
balistes	260.4873003	286.9313974	250.7337484	0	0	0	0	0	2610.832439	0	0	0	239.3383883	0	1489.127316	0	0	0	0	478.6767766	0	0	0	14641.13029
bathygobius	0	0	0	0	0	0	0	0	0	0	205.0073993	0	0	0	0	0	0	0	0	0	0	2.824459113	0	0
batrachoididae	0	0	0	0	0	0	0	0	0	0	0	0	0	0	0	0	0.256524865	0	0	0	0	0	0	0
belon	0	0	0	0	0	0	0	0	0	0	0	0	0	0	0	263.9088129	0	0	0	0	0	0	0	0
bodianus	0	6782.075675	76.05151976	1116.741991	80.50325763	5.504070264	1373.266704	444.8817592	0	5301.040337	623.4657819	30506.78862	10857.1546	647.5365219	1038.327749	27.5716983	0	10501.76397	27.5716983	0	4552.059744	4672.101399	6548.844795	41801.38738
bothus	0	1589.388507	0	0	0	0	300.5714702	0	0	94.00198152	21.12668622	54.55399061	21.12668622	0	0	24.07345578	0	0	66.32682822	115.3055739	157.3820402	5.893539122	0	113.3734164
calamus	114.0089718	97.52362197	275.3546972	0	0	0	0	38.12843893	4907.66672	0	0	431.5875947	1714.345759	0	3959.06836	0	565.0359345	0	0	0	180.4531572	0	0	0
callionymus	0	12.92743356	0	0	0	0	0	0	0	0	0	0	0	0	2.212772786	0	0	0	0	0	0	0.994417966	0	0.994417966
cantherhines	826.4251354	2382.618188	56.04762972	95.46766683	25.44856253	0	375.1803583	73.42840074	0	3078.964155	0	68.8385509	571.3721394	0	789.0259221	25.44856253	0	6135.382976	25.44856253	0	278.4356393	0	13847.19269	18771.64117
canthidermis	0	0	0	0	0	0	0	235.9854601	0	0	0	0	0	0	409.0555078	645.0409679	0	0	0	0	0	0	50855.48796	28128.21379
canthigaster	51.21308961	1812.682969	93.12761781	23.83895617	0	5.455916049	762.9161761	135.7469919	0	901.7591877	38.19141234	646.5568474	40.91937037	35.82418419	1088.345291	2.727958024	0.866755069	47.37192657	64.23476688	0	94.860418	247.2634611	0	94.24230515
carangidae	0	0	0	0	0	0	0	0	917.2418054	0	0	0	0	0	0	0	0	0	0	0	0	0	0	0
carangoides	0	0	167.8408379	0	36.66751124	0	56.70733335	0	56.70733335	0	0	0	0	13491.35556	3019.752577	2168.011318	0	2128.59452	0	20782.48141	204.3529408	0	0	0
caranx	5207.259995	6784.565499	509.0183547	258.6280265	0	0	1218.337838	1238.411084	0	4759.111712	364.6105488	38526.71781	1170.119885	722.2953876	3397.186791	1071.158977	934.6002586	2499.598512	0	2420.878622	0	19955.98855	44734.05989	34777.11188
carcharhinus	0	0	0	0	0	5226.642554	0	0	0	0	0	0	0	0	0	46.57305393	0	0	0	1402.917339	0	0	0	17225.82496
centropomus	0	0	0	0	0	0	0	0	0	0	0	8647.567731	0	0	0	0	0	0	0	0	0	15723.02643	0	0
centropristis	0	0	0	0	0	0	0	0	26349.64988	0	0	0	0	0	0	0	8939.701875	0	0	0	0	0	0	0
centropyge	0	29.67926516	0	0	0	0	0	0	0	0	0	0	0	0	0	0	0	0	0	0	0	0	0	0
cephalopholis	0	0	1039.618318	0	1881.136819	28.50550194	4563.103225	142.8830731	0	1513.208891	0	0	0	0	2245.703208	27788.83846	0	7335.478178	0	9578.713166	337.3418253	0	0	718869.6365
chaetodipterus	0	0	0	17745.77225	0	0	0	0	85749.57639	0	0	5382.795182	0	25846.22171	0	0	377.2890522	24059.48051	0	0	2290.666126	2673.79766	0	0
chaetodon	2044.389008	33987.89915	857.3992856	563.9449416	119.8105495	24.40538017	1911.581086	2323.182314	67.57664479	5915.527752	2504.254431	4074.789218	760.7051897	430.4823429	5982.204247	101.3649672	256.6413862	713.8969861	1001.517489	2742.881727	616.5666801	8511.938774	1916.784343	4760.947745
chilomycterus	0	12436.34413	0	0	0	0	0	0	0	404.1657814	0	0	0	0	0	0	0	0	236.5725949	0	0	0	859.6896473	0
chloroscombrus	0	0	0	0	0	0	0	0	1734.410178	0	0	0	0	0	0	0	0	0	0	0	15.06974936	0	0	0
chromis	0	30988.0871	292.4502227	1957.367566	567.9187696	15.59777281	28632.4728	1689.321155	0	8050.388031	360.7609557	13679.90014	12870.28683	44.02521794	10676.95794	4157.892483	49.04668508	22203.53473	1458.25412	1694.104054	1984.145185	4538.682058	63886.37818	37094.5784
clepticus	0	639.6531311	7468.055806	0	0	115.5854755	13819.44775	0	0	493.4358403	0	282.1517609	161.0065153	468.7188711	5544.228448	0	0	38758.87369	0	0	24546.51512	188.5782136	175.9014173	0
coryphopterus	87.87825956	1482.577765	0.922776875	120.9674445	263.6145523	380.3495612	8521.487312	39.6593548	0	65.13631629	1134.723067	1185.090868	9.305188041	7.118374107	100.4966581	434.6941605	4.870447081	49.67538881	0	8913.644221	2867.161065	4287.953331	0	102.3570685
cosmocampus	0	2.982950006	0	0	0	0	0	0	0	0	1.391674289	0	0	0	0	0	0	0	0	0	0	0	0	0
cryptotomus	24.72333123	1274.832788	0	0	0	0	0	0	0	123.0880199	73.08675732	153.8560835	51.92938115	160.8222019	0	0	12.14054142	39.59373814	0	0	0	478.0622956	0	0
ctenogobius	0	0	0	0	0	0	0	0	0	0	0	0	0	0	0	0	0	0	0	0	0	1.946227944	0	0
dactylopterus	0	6281.452025	0	0	0	0	96.15276208	0	0	253.8475788	107.4707747	107.4707747	214.9415495	0	0	0	0	0	22.56258351	0	0	102.9464158	302.7359217	107.4707747
dasyatis	0	0	0	0	0	0	0	0	0	0	133.5397183	0	0	0	0	2578.515659	0	0	0	0	0	3806.004016	0	0
decapterus	0	70.22286119	96.10972377	0	0	0	0	0	0	0	0	608.684017	0	0	0	0	74249.8292	13213.65859	0	0	4425.07062	1413.014287	0	0
dermatolepis	0	0	0	0	0	0	0	0	0	209.8594005	0	0	0	69.21896708	0	0	0	0	0	836.8514282	0	0	0	3.569351818
diapterus	0	0	0	0	0	0	0	0	0	0	0	0	0	0	0	0	0	0	0	0	0	646.6462268	0	0
diodon	0	6242.525574	10.96858371	856.1819381	0	0	366.1715037	0	0	588.7801499	0	366.1715037	0	0	2551.339321	162.3900528	0	1156.171174	0	738.4486631	0	738.4486631	0	8705.466301
diplectrum	0	0	0	0	0	0	0	0	0	39.07126243	52.52139667	705.3861924	0	0	0	0	34.23238924	1.35233266	0	0	164.3258533	1110.94062	0	0
diplodus	0	31639.93301	0	0	0	0	0	0	3266.226521	27253.34748	8053.119112	20777.49148	22765.15046	0	0	0	7735.998276	0	1708.782604	0	0	143767.3753	0	10290.71383
doratonotus	0.970107575	0	0	0	0	0	0	0	0	2.910322724	0	0	0	0	0	3.880430298	0	0	0	0	0	0	0	0
dules	0	728.8245665	0	0	0	0	0	0	0	0	0	0	22.60758893	0	0	0	0	0	0	0	0	202.6301746	0	0
echidna	0	0	0	0	0	0	0	0	0	0	0	0	0	0	0	18.03667077	0	0	0	0	0	0	0	472.4715249
elacatinus	47.2624749	431.2700834	2.978875056	46.08091302	4.917290506	0	49.45785069	1.388165874	0	38.99154179	106.3405685	650.0955252	21.2681137	0	13.04104128	50.40866483	0.694082937	6.114413364	14.17874247	1.181561872	382.7081851	0	0	172.0256248
elagatis	0	0	215.8750282	0	0	0	0	0	0	0	0	0	0	0	0	0	0	0	0	0	0	0	0	0
emblemariopsis	0	235.998715	0	0	0	0	0	0	0	5.574772794	69.68465993	18.94429633	27.87386397	0	0	0	0	0	8.362159191	0	0	27.87386397	22.29909118	0
enchelycore	0	0	0	0	0	0	0	0	0	0	0	0	0	0	0	0	0	35.77765061	0	0	0	0	518.4942499	364.5935576
engraulidae	0	0	0	0	0	0	0	0	0	0	0	0	0	0	0	0	10461.75429	0	0	0	0	0	0	0
engraulis	0	0	0	0	0	0	0	0	0	0	0	0	0	0	0	0	0	0	0	0	0	2236.747325	0	0
entomacrodus	0	0	0	0	0	0	0	0	0	0	0	0	0	0	0	0	0	0	0	0	0	0	0	44.94473741
epinephelus	946.6779009	197.1316958	789.6156084	499.1100681	1359.041433	1130.958175	0	173.2029121	0	0	518.5476059	50304.0345	4923.939495	13155.23494	618.3179498	0	0	9744.941193	0	0	503.878446	44141.45533	0	53160.75621
equetus	0	48.37738357	0	0	0	0	438.9928188	0	467.6199361	0	0	0	0	0	0	0	188.6200909	0	0	0	0	0	0	0
eucinostomus	0	52.98121469	0	0	16.73053405	0	0	0	0	0	0	3349.447468	0	0	0	0	0	123.7492659	0	0	20.61628455	0	0	0
eugerres	0	35.82812598	0	0	0	0	0	0	0	0	0	0	0	0	0	0	0	0	0	0	0	0	0	0
euthynnus	0	0	0	0	0	0	0	0	0	0	0	0	3273.066123	0	0	0	0	0	0	0	0	0	0	0
fistularia	0	156.9669155	0	103.7214647	0	0	0	0	0	0	20.37838905	0	0	0	0	0	0	0	20.37838905	0	33.42025989	368.3176996	0	189.793104
gerres	0	0	0	0	0	0	0	0	0	0	0	0	0	0	0	0	0	17.34995645	0	0	20.03576034	0	0	0
ginglymostoma	0	0	0	1947.693046	0	0	0	1166.40053	0	0	0	0	0	0	0	0	0	1947.693046	0	12593.23144	0	0	0	13441.87643
gnatholepis	0	87.6111519	0	0	0	0	196.1500766	0	0	0	0	28.8236424	2.737848497	0	0	0	0	0	2.737848497	5020.559132	0	15.05816673	0	101.3003944
gramma	25.82744079	0	0	5.437355956	0	33.98347473	43.49513883	0	0	54.37355956	0	0	0	27.15032115	0	0	0	0	0	0	0	0	0	0
gymnothorax	111.2895854	485.3620606	0	47.28908838	0	0	2905.352421	374.3504814	0	170.336906	48.30997515	3628.551769	47.28908838	0	2633.104315	1173.99799	0	11398.32538	25.37392564	166.5094955	1001.162966	906.2876542	808.311144	16623.72875
haemulon	88327.68794	41723.89213	2251.952388	140003.185	2793.818998	305.7147118	5388.934023	29051.98127	9908.363131	23240.4501	12009.68651	206482.4317	87302.69327	54494.22009	93370.35789	30428.10093	3995.242812	209961.181	277.579856	24427.79218	62878.51581	134373.0064	0	0
halichoeres	6251.640256	13896.75542	2497.581407	2767.041143	5157.017765	68.53442335	5391.668744	883.2116834	3794.2228	12959.80304	1137.304602	22642.99698	1933.246527	4835.83553	1340.196374	6838.156072	2528.136755	10403.2279	224.4468154	21391.05154	808.1110798	4784.002235	52315.65492	100487.493
harengula	0	0	0	0	0	0	0	0	0	0	0	28620.15496	0	0	0	0	0	0	0	0	0	0	0	6909.200746
hemiramphus	0	0	0	0	0	0	0	0	0	0	0	0	0	0	0	0	0	42.97241275	0	0	0	0	0	5.371551594
heteropriacanthus	0	4695.745547	0	1059.550696	0	0	316.4028085	0	0	42.93015541	0	240.3429721	254.0143488	0	0	0	0	451.0663355	0	0	8072.517129	0	0	8516.837772
hippocampus	0	2.783348579	0	0	0	0	0	0	0	0	0	0	0	0	0	0	0	0	0	0	0.099800714	0	0	0
holacanthus	634.7816541	1301.987816	767.8634032	5210.596728	0	32.7613272	468.7472985	28325.99178	1407.580409	9581.359976	0	2166.649146	192.6182432	248.6437324	3202.505208	0	468.7713528	12717.98831	0	0	2467.856194	523.7534986	23737.02629	18568.60691
holocentrus	1547.376164	6684.050898	855.9165776	3222.658826	207.023966	155.9582582	712.1440329	803.9621382	0	14883.82593	679.3707687	67105.35041	2444.887006	1000.404255	1155.654198	11218.14141	0	12236.48173	212.6703522	31701.40033	1086.302413	9745.878157	1385.606754	161941.7277
hypleurochilus	0	2.889333704	0	0	0	0	0	0	0	0	0	122.3368134	0	0	0	0	0	0	0	0	0	380.9964311	0	2.889333704
hypoplectrus	0	0	177.9414563	0	0	6.345789912	529.2400433	301.4993833	0	0	0	0	0	0	22.603987	0	2.774612005	0	0	0	0	0	0	0
hyporthodus	0	0	0	0	0	0	0	0	0	0	2.075427383	42.55475543	138.4003728	0	0	0	0	0	0	0	0	934.4508713	0	0
hypsoblennius	0	3.776845714	0	0	0	0	0	0	0	2.517897142	0	0	13.84843428	0	0	0	0	0	0	0	0	25.17897142	0	0
kyphosus	76.79812518	8346.204989	7879.02189	0	0	0	0	3305.775619	0	1393.739007	341.0702619	55686.34143	47655.73546	9507.357747	9878.738775	1768.581411	0	151716.8488	321.3788813	11956.07524	0	51783.52665	20394.23447	770033.1084
labrisomus	122.3765808	1907.392434	0	0	240.7436921	0	0	0	0	1330.320436	192.4444235	2324.154826	383.4742397	0	0	39.67282502	0	59.21629872	38.34742397	0	58.846537	417.2273632	0	57.52113596
lachnolaimus	0	0	513.3441716	0	0	87.18488584	0	228.3730608	0	0	0	0	0	0	0	0	0	0	0	0	0	0	0	0
lactophrys	0	0	53.68054037	0	0	0	796.522595	351.3855634	0	0	0	0	0	0	494.2450199	481.3229227	0	0	0	170.053373	0	0	0	0
lutjanus	3027.628374	256.5609797	1114.127797	26928.95097	0	540.3065986	5305.159336	27592.98372	1168.141578	65.67406998	0	293.5024483	1130.276161	152787.3382	33085.01407	907.9098324	0	52106.47525	0	53776.45158	3169.011019	107.3031893	844.2968699	0
malacanthus	0	307.5236733	108.2148887	0	0	0	37.89767002	0	0	0	0	1418.135788	0	0	55.0314562	237.5749685	0	113.3336924	0	7116.320714	0	143.8375347	0	9155.628001
malacoctenus	509.7570042	62.22507925	0	7.778134906	11.84487552	0	0	0	146.1386719	395.3885244	29.81618381	125.1930052	0	0.786053258	25.90789861	937.2652562	11.8788112	15.58197867	0	0	1.296355818	1492.683882	868.6285235	4941.410014
melichthys	0	0	561.5209319	0	0	88.51350104	463.3745521	0	0	0	0	0	0	0	2796.074828	13119.05012	0	0	0	11206.29287	0	0	812977.5385	1561450.118
menephorus	0	0	0	0	0	0	0	0	0	0	0	0	0	0	0	0	0	0	0	0	0	0	0	1401.166404
microgobius	0	0	0	0	0	0	0	0	0	0	12.71006601	0	0	0	0	0	0	0	0	0	0	0	0	0
microspathodon	0	0	553.3715623	0	465.2498795	0	3758.165702	1326.265661	0	0	0	0	0	0	344.3304865	0	0	971.9435219	0	0	0	0	0	12274.05004
monacanthus	0	0	0	0	0	0	0	0	0	0	0	0	0	0	2.998201957	0	0	0	0	0	0	0	0	0
mugil	0	1172.194579	0	0	0	0	0	0	0	0	0	275.7385767	0	0	0	0	0	0	0	0	0	723.4491926	0	0
mulloidichthys	0	305.0350965	0	40.76572774	1821.175925	0	14919.64302	3939.369595	0	96.96876709	0	0	0	238.2367406	305.0350965	10403.64595	0	14004.17997	0	7556.246341	0	0	0	41330.9446
muraena	0	0	0	183.7801826	0	0	0	0	0	0	0	0	0	0	0	21.01936352	0	0	0	60.34123952	0	0	13974.79161	0
mycteroperca	3455.819734	1449.204585	6.387803989	893.8397297	0	904.8732523	2.555902644	1266.587106	1556.945941	219.7179792	3512.73412	23784.65398	3348.305471	2780.204305	442.7000836	0	4499.604449	208.4900778	0	0	940.3076215	25628.91598	0	12871.8115
myrichthys	0	62.47437274	0	0	55.8093399	0	0	0	0	0	0	146.6704754	0	0	0	0	0	10.57095967	0	0	27.90466995	116.0391364	0	711.9260859
myripristis	0	364.084469	0	18445.31737	0	95.15140454	8930.685621	0	0	2715.986897	139.2261407	33.09858809	330.9858809	120.1635846	0	2889.99069	0	9287.285456	0	1994.091425	139.2261407	260.644345	68590.10599	82319.84665
narcine	0	26.06889243	0	0	0	0	0	0	0	0	0	0	0	0	0	0	0	0	0	0	0	0	0	0
negaprion	0	0	0	0	0	0	0	678.8476353	0	0	0	0	0	0	0	0	0	0	0	3794.092915	0	0	0	0
neoniphon	0	0	0	0	0	14.10702962	704.7929125	0	0	0	0	0	0	0	0	0	0	0	0	0	0	0	0	0
nicholsina	0	48.50557213	0	0	0	0	0	0	0	0	0	0	0	0	0	0	0	0	0	0	0	0	0	0
ocyurus	2591.858032	39.11971636	258.4273501	1057.038609	0	182.1536702	248.9964354	2046.386459	0	156.2145664	0	0	0	1499.595994	4603.76645	0	0	13909.15509	0	0	34.16900089	17.90961969	0	0
odontoscion	0	531.6121487	0	64.27053549	0	0	0	0	0	1010.434787	889.0988785	1889.944667	586.0910823	0	0	0	0	1744.35329	0	0	8783.656176	13782.4354	0	0
ogcocephalus	56.52805478	60.2226538	0	53.279283	0	0	0	0	0	30.1113269	15.05566345	442.5038677	41.47239133	80.83857502	0	0	0	41.47239133	0	0	133.5096369	220.1490185	0	0
ophioblennius	0	0	0	4.748452993	39.53716794	0	48.57146225	0	0	0	0	0	0	0	0	127.4626211	0	550.8414117	0	86.43402024	192.1923144	192.8330944	4503.299773	1281.111543
opistognathus	0	0	0.666842001	0	0	0	0	0	0	0	0	0	0	0	0	0	0	0	0	0	0	0	0	14.3928827
orthopristis	0	167.083273	0	0	0	0	0	0	0	242.7285603	0	293.8167604	0	0	0	0	0	376.3369187	72.43857998	0	4853.771902	5957.08992	0	0
pagrus	0	1424.581279	0	0	0	0	0	0	0	0	0	0	8984.290441	0	0	0	0	0	0	0	0	812.7280227	0	0
parablennius	98.75014201	1876.769188	0	0	0	0	0	0	34.19215955	198.5066363	387.0296347	3488.316725	543.125781	0	0	0	3.900744841	0	14.96214273	0	14.96214273	6918.250116	0	0
paraclinus	0	0	0	0	0	0	0	0	0	0	0	0	0	0	0	0	0	0	0	0	0	0.997482188	0	0
paralichthys	0	0	0	0	0	0	0	0	0	0	0	0	0	0	0	0	164.7352362	0	0	0	0	0	0	0
paranthias	0	302.0747782	0	0	0	0	429.1019956	0	0	1.357237286	0	0	975.6846712	0	0	672.0714979	0	59.87206073	0	133.403023	3160.125232	22.96598183	0	9445.508986
pareques	4.093376977	899.1276116	0	202.3528646	3.659670116	0	0	0	0	772.3044466	199.0679702	331.7227937	60.66478414	0	39.80597338	0	0	3493.398278	6.822294961	0	44.99138607	2938.426725	0	0
pempheris	0	566.6682475	0	0	0	0	960.9222647	199.4022263	0	161.7394356	1367.100272	4614.760933	605.3414124	0	0	434.3081235	0	2310.453874	0	1346.492523	900.0950086	135.303289	0	0
pinguipes	0	279.9915995	0	0	0	0	0	0	0	0	0	0	263.397899	0	0	0	0	0	0	0	0	0	0	0
platybelone	0	0	0	0	0	0	0	0	0	0	0	0	0	0	0	0	0	0	0	0	0	0	0	131.8925557
pomacanthus	7602.630109	9534.595634	726.034479	2728.901438	1410.760863	0	1474.198351	2688.576899	0	6564.994732	2034.325465	37768.39777	17977.43504	6279.512521	2223.110941	2016.916336	0	11006.72301	0	5838.713661	19427.76608	9466.183505	6466.107281	0
porichthys	0	14.77689811	0	0	0	0	0	0	0	0	0	0	0	0	0	0	0	0	0	0	0	122.7023283	0	0
priacanthus	0	0	22.26572434	0	0	0	111.1438882	0	0	4118.993034	0	4021.248369	0	0	0	154.9254267	0	4121.087621	0	0	481.2967764	0	0	0
prognathodes	0	1243.709829	0	0	0	0	70.1346222	0	0	0	0	0	0	0	0	0	0	0	0	0	0	0	5.595443067	482.0006166
pseudocaranx	0	0	0	0	0	0	0	0	0	0	0	6750.934766	1902.20872	0	0	0	0	4.418213968	0	0	1396.321711	8640.462343	0	0
pseudupeneus	1834.10371	11646.07767	297.5609693	470.8756243	988.2153001	0	105.4137875	382.479733	91.20509588	4066.946792	1145.361179	3028.842105	673.853127	263.2677021	5613.233492	4639.892922	269.2999671	2376.335436	40.72795336	166.9986305	2169.690159	7833.710648	0	23527.11254
ptereleotris	0	0	0	125.3389877	0	0	0	0	13.43486995	309.0020089	0	0	0	0	0	0	0	10.69499535	0	0	0	2.214289647	0	0
pterois	0	0	85.63230146	0	0	0	1212.284074	0	0	0	0	0	0	0	102.4852091	0	0	0	0	0	0	0	0	0
rachycentron	0	0	0	0	0	0	0	0	0	0	0	0	0	0	0	0	30.96498647	6.192997295	0	0	0	0	0	0
rhomboplites	0	0	0	0	0	0	0	0	0	0	0	0	0	0	0	0	0	112.1158611	0	0	0	3778.380947	0	0
rypticus	69.27232859	480.6915397	0	381.0037734	0	22.2392557	438.583508	0	294.4781465	781.7427098	0	0	0	103.914459	405.585383	146.4131559	213.1613795	22.2392557	1.931521379	207.8169858	0	0	5080.092041	14795.89985
sardinella	0	0	0	0	0	0	0	0	0	0	0	6897.214962	0	0	0	0	0	0	0	0	0	0	0	0
sargocentron	0	1039.080973	0	0	0	22.2392557	0	0	0	0	0	0	0	0	0	0	0	0	0	0	0	0	0	1304.192929
scarideo	764.0060169	0	0	0	0	0	0	0	0	0	24.25278606	0	11.54669043	0	484.7641731	384.9133618	0	0	0	0	0	0	0	0
scartella	2.809046088	115.6442796	0	0	0	0	0	0	0	0	1.404523044	5.618092177	0	0	0	0	0	2.809046088	0	0	0	1045.673238	0	0
scarus	20762.50857	3349.457387	4378.863621	89.83629563	458.5606886	445.943869	27149.66555	3990.84511	0	1.782713091	22.99415397	8414.506562	316.2525633	8882.563853	5370.962823	0	0	25574.786	0	0	4734.388876	117.1157154	0	0
scomberomorus	0	0	0	359.8623315	0	0	0	0	242.6501304	0	0	0	0	0	0	0	0	308.7440205	0	0	0	0	0	0
scorpaena	168.7202974	3209.836367	0	863.2625547	0	0	123.3232221	0	83.08799597	1252.301437	165.5274577	241.3834923	95.80952341	0	83.08799597	0	0	0	0	0	199.6871411	37.65704251	140.2707674	418.8537648
scorpaenodes	0	4.790219977	0	0	0	0	0	0	0	0	0	0	0	0	0	0	0	0	0	0	0	0	0	0
selene	0	0	0	719.4202576	0	0	0	0	0	0	0	0	0	0	0	0	0	0	0	0	0	0	0	0
seriola	0	0	0	0	0	0	0	0	0	0	0	10242.02005	1090.09949	0	635.6229255	0	809.9026335	464.6752367	0	0	0	7215.151518	0	9731.093782
serranus	8.967239345	2017.619497	52.73399083	167.1820908	0	0	386.283404	233.9149964	1298.904108	387.6014415	336.8741992	441.826054	8.967239345	58.0247555	659.2867732	0	208.3279038	72.18789967	1.494539891	0	2029.714681	1659.682461	0	0
sparisoma	13041.96769	20630.51129	11785.65928	3719.036206	3557.382783	139.5392291	28485.84247	23727.66518	179.5062563	6357.955209	415.6903738	44043.57996	8164.525188	16982.75024	29244.64588	41695.61777	80.94114857	66173.24838	0	31480.56112	4548.252386	12185.6792	0	173227.054
sphoeroides	7.233198736	661.849702	0	0	0	0	0	0	98.59148419	614.1987866	149.6646405	660.7608617	80.83543335	0	24.04510449	0	2.175223074	3.679181996	0	0	210.7907023	8467.082145	0	369.0055213
sphyraena	0	0	488.9166724	0	0	0	214.2422943	388.9372252	1759.516409	1252.136052	0	0	0	11478.05829	4371.381169	2010.599817	0	7841.512205	0	1130.561493	173.3726841	146.0079443	1290.344289	25543.59551
starksia	0	0	0	0	0	0	0	0	0	0	0	0	0	0	0	0	0	0	0	0	0	2.60287816	0	0
stegastes	3610.184323	62154.27609	2519.406603	595.8140386	15638.62831	114.0023598	31714.87999	8608.408116	1075.897327	9387.14079	2181.654436	17067.72772	1399.681023	436.7607719	4798.349901	2253.753158	349.3115123	5159.688653	110.0850783	25037.10896	3940.29417	34870.33104	32282.1253	14114.85779
stephanolepis	0	59336.76935	0	0	0	0	0	0	215.7077409	0	604.6809486	418.5732318	66.37409775	0	0	0	82.95954542	0	783.0959513	0	0	13356.09475	0	0
strongylura	0	0	0	0	0	0	0	0	0	0	0	0	0	0	0	0	0	0	0	724.8480449	0	0	0	0
synodus	83.56215395	781.2399913	0	0	61.2528739	0	353.7843743	0	0	216.1525236	71.81024493	0	386.9494941	0	16.44844188	0	0	0	0	9.548557903	50.69550288	485.3358789	0	24.69835606
thalassoma	0	76.73793548	397.2610445	408.7841151	0	29.77719485	4950.638756	1601.24511	0	197.7109654	0	25.73499653	13.99481137	75.2297159	4036.475465	1990.194515	0	4165.337646	0	35955.17308	25.73499653	2.254626212	0	50803.62699
trachinotus	0	0	0	0	0	0	0	0	0	0	0	0.005539554	1479.081143	0.054607235	0	0	0	0.030672598	0	0	0	0	0	0
upeneus	0	0	0	0	0	0	0	0	0	0	0	0	0	0	0	0	145.5066896	0	0	0	0	0	0	0
urobatis	0	0	0	0	0	0	0	0	0	0	0	0	0	0	832.9242728	0	0	0	0	0	0	0	0	0
xyrichthys	0	0	0	0	0	0	0	0	0	0	0	0	0	0	0	0	0	6.882577201	0	0	0	0	0	0
